correct
Best prediction epoch: 1 with MSE 1.4003, MRE 0.9204
Epoch nr 1 0, MSE= 1.40028
Epoch nr 2 0, MSE= 1.35515
Epoch nr 3 0, MSE= 1.30316
Epoch nr 4 0, MSE= 1.24137
Epoch nr 5 0, MSE= 1.16476
Epoch nr 6 0, MSE= 1.06487
Epoch nr 7 0, MSE= 0.92713
Epoch nr 8 0, MSE= 0.72886
Epoch nr 9 0, MSE= 0.45678
Epoch nr 10 0, MSE= 0.19141
{'mse': [1.4003, 1.3552, 1.3032, 1.2414, 1.1648, 1.0649, 0.9271, 0.7289, 0.4568, 0.1914], 'lincor': [0.9613, 0.6152, 0.4737, 0.4117, 0.3905, 0.3935, 0.41, 0.4261, 0.4517, 1.3254], 'mre': [0.9204, 0.9032, 0.883, 0.8585, 0.8275, 0.7859, 0.7259, 0.633, 0.4841, 0.2798], 'rmse': [1.1394, 1.1202, 1.0977, 1.0705, 1.0358, 0.9888, 0.9203, 0.8119, 0.6336, 0.387], 'mae': [-1.6027, -1.5746, -1.5415, -1.5011, -1.4496, -1.3801, -1.2795, -1.1224, -0.8699, -0.5235], 'maxae': [-1.4059, -1.3247, -1.24, -1.1503, -1.0536, -0.9471, -0.8266, -0.6876, -0.531, -0.3773], 'ae': [-40.1746, -39.2064, -38.0867, -36.7547, -35.1099, -32.9838, -30.0837, -25.9171, -19.8979, -12.4685], 'correct': [30, 30, 30, 30, 30, 30, 30, 30, 30, 38]}
