correct
Best prediction epoch: 1 with MSE 1.7037, MRE 1.034
Epoch nr 1 0, MSE= 1.70367
Epoch nr 2 0, MSE= 1.60625
Epoch nr 3 0, MSE= 1.44622
Epoch nr 4 0, MSE= 1.13679
Epoch nr 5 0, MSE= 0.53448
Epoch nr 6 0, MSE= 0.07995
Epoch nr 7 0, MSE= 0.08601
Epoch nr 8 0, MSE= 0.28572
Epoch nr 9 0, MSE= 0.59215
Epoch nr 10 0, MSE= 0.60712
{'mse': [1.7037, 1.6063, 1.4462, 1.1368, 0.5345, 0.08, 0.086, 0.2857, 0.5922, 0.6071], 'lincor': [1.3314, 0.5813, 0.4296, 0.4218, 0.5754, 0.8088, 0.7958, 1.0281, 0.488, 0.4689], 'mre': [1.034, 1.0018, 0.9467, 0.8319, 0.5518, 0.1755, 0.174, 0.3742, 0.58, 0.5879], 'rmse': [1.2652, 1.2281, 1.1644, 1.0302, 0.6956, 0.2538, 0.2558, 0.4907, 0.7329, 0.7427], 'mae': [-1.782, -1.7282, -1.6357, -1.4418, -0.9687, -0.1819, -0.2238, -0.6775, -1.0202, -1.0334], 'maxae': [-1.647, -1.5474, -1.4167, -1.2259, -0.9338, 1.2911, 0.4662, -0.7567, -0.9052, -0.9035], 'ae': [-44.8337, -42.9752, -40.0523, -34.6442, -23.5338, -7.1502, -7.889, -17.2399, -24.444, -24.6618], 'correct': [30, 30, 30, 30, 30, 69, 69, 69, 30, 30]}
