correct
Best prediction epoch: 1 with MSE 1.3928, MRE 0.9168
Epoch nr 1 0, MSE= 1.51965
Epoch nr 2 0, MSE= 1.50716
Epoch nr 3 0, MSE= 1.49431
Epoch nr 4 0, MSE= 1.48112
Epoch nr 5 0, MSE= 1.46759
Epoch nr 6 0, MSE= 1.45368
Epoch nr 7 0, MSE= 1.43932
Epoch nr 8 0, MSE= 1.42444
Epoch nr 9 0, MSE= 1.40897
Epoch nr 10 0, MSE= 1.39279
{'mse': [1.5197, 1.5072, 1.4943, 1.4811, 1.4676, 1.4537, 1.4393, 1.4244, 1.409, 1.3928], 'lincor': [1.1644, 1.2918, 1.4631, 1.6907, 1.9693, 2.22, 2.2518, 1.9889, 1.6171, 1.2919], 'mre': [0.9638, 0.9593, 0.9547, 0.9498, 0.9449, 0.9397, 0.9344, 0.9288, 0.923, 0.9168], 'rmse': [1.1884, 1.1833, 1.178, 1.1726, 1.167, 1.1612, 1.1552, 1.1489, 1.1424, 1.1356], 'mae': [-1.6734, -1.6662, -1.6587, -1.6509, -1.6429, -1.6346, -1.626, -1.617, -1.6076, -1.5977], 'maxae': [-1.7671, -1.7424, -1.7173, -1.692, -1.6664, -1.6406, -1.6145, -1.588, -1.5611, -1.5337], 'ae': [-42.8112, -42.5576, -42.2955, -42.0253, -41.7469, -41.4597, -41.1621, -40.8527, -40.5299, -40.1914], 'correct': [69, 69, 69, 69, 69, 69, 69, 69, 69, 53]}
