correct
Best prediction epoch: 1 with MSE 1.4935, MRE 0.9583
Epoch nr 1 0, MSE= 1.49346
Epoch nr 2 0, MSE= 0.29829
Epoch nr 3 0, MSE= 0.46681
Epoch nr 4 0, MSE= 0.25057
Epoch nr 5 0, MSE= 0.20541
Epoch nr 6 0, MSE= 0.16174
Epoch nr 7 0, MSE= 0.10253
Epoch nr 8 0, MSE= 0.11684
Epoch nr 9 0, MSE= 0.11889
Epoch nr 10 0, MSE= 0.09291
{'mse': [1.4935, 0.2983, 0.4668, 0.2506, 0.2054, 0.1617, 0.1025, 0.1168, 0.1189, 0.0929], 'lincor': [0.378, 1.2739, 0.4027, 0.523, 0.4741, 0.4539, 0.6296, 0.4664, 0.4411, 0.5021], 'mre': [0.9583, 0.389, 0.5012, 0.3435, 0.3036, 0.2621, 0.2008, 0.2158, 0.2172, 0.1913], 'rmse': [1.1831, 0.5056, 0.6468, 0.4581, 0.4105, 0.3587, 0.276, 0.2976, 0.3007, 0.2639], 'mae': [-1.6578, -0.6965, -0.8868, -0.6216, -0.5483, -0.4678, -0.3308, -0.3637, -0.3651, -0.2925], 'maxae': [-1.1591, -0.5203, -0.5027, -0.3569, -0.2791, -0.1575, 0.2564, 0.2157, 0.285, 0.8318], 'ae': [-40.2091, -17.0167, -20.2116, -14.3246, -12.2922, -10.2363, -7.2081, -7.6561, -7.5291, -5.969], 'correct': [30, 30, 30, 30, 30, 30, 30, 30, 30, 30]}
