correct
Best prediction epoch: 1 with MSE 1.1666, MRE 0.8271
Epoch nr 1 0, MSE= 1.16663
Epoch nr 2 0, MSE= 0.39670
Epoch nr 3 0, MSE= 0.42740
Epoch nr 4 0, MSE= 0.34969
Epoch nr 5 0, MSE= 0.17287
Epoch nr 6 0, MSE= 0.15186
Epoch nr 7 0, MSE= 0.11486
Epoch nr 8 0, MSE= 0.14957
Epoch nr 9 0, MSE= 0.14229
Epoch nr 10 0, MSE= 0.13807
{'mse': [1.1666, 0.3967, 0.4274, 0.3497, 0.1729, 0.1519, 0.1149, 0.1496, 0.1423, 0.1381], 'lincor': [0.3952, 0.8268, 0.6093, 0.4995, 1.0524, 1.0236, 2.0106, 1.074, 1.1407, 1.0847], 'mre': [0.8271, 0.4355, 0.4593, 0.4105, 0.2647, 0.2495, 0.2032, 0.241, 0.231, 0.2258], 'rmse': [1.0357, 0.5783, 0.6063, 0.5467, 0.3678, 0.3444, 0.2893, 0.3386, 0.3278, 0.322], 'mae': [-1.4508, -0.8005, -0.8362, -0.7478, -0.493, -0.4574, -0.373, -0.4474, -0.4305, -0.4205], 'maxae': [-1.1176, -0.6196, -0.5815, -0.4835, -0.3453, -0.3179, -0.2137, -0.2674, -0.221, -0.1836], 'ae': [-35.2814, -19.2394, -19.5945, -17.1819, -11.5423, -10.7328, -8.8867, -10.3129, -9.8611, -9.5545], 'correct': [30, 38, 30, 30, 30, 38, 61, 38, 30, 30]}
