correct
Best prediction epoch: 1 with MSE 1.422, MRE 0.9263
Epoch nr 1 0, MSE= 1.42199
Epoch nr 2 0, MSE= 1.39879
Epoch nr 3 0, MSE= 1.37474
Epoch nr 4 0, MSE= 1.34993
Epoch nr 5 0, MSE= 1.32440
Epoch nr 6 0, MSE= 1.29806
Epoch nr 7 0, MSE= 1.27077
Epoch nr 8 0, MSE= 1.24235
Epoch nr 9 0, MSE= 1.21260
Epoch nr 10 0, MSE= 1.18126
{'mse': [1.422, 1.3988, 1.3747, 1.3499, 1.3244, 1.2981, 1.2708, 1.2424, 1.2126, 1.1813], 'lincor': [3.5216, 3.4935, 2.3732, 1.578, 1.1544, 0.911, 0.7586, 0.6573, 0.5872, 0.5376], 'mre': [0.9263, 0.9177, 0.9086, 0.8992, 0.8894, 0.8792, 0.8684, 0.8572, 0.8452, 0.8324], 'rmse': [1.147, 1.1372, 1.1269, 1.1163, 1.1052, 1.0937, 1.0816, 1.0688, 1.0553, 1.0409], 'mae': [-1.6144, -1.6004, -1.5857, -1.5703, -1.5544, -1.5377, -1.5202, -1.5018, -1.4822, -1.4613], 'maxae': [-1.4973, -1.4665, -1.4357, -1.4049, -1.3742, -1.3436, -1.313, -1.2824, -1.2515, -1.2203], 'ae': [-40.9499, -40.4823, -39.997, -39.496, -38.9801, -38.4483, -37.8977, -37.3253, -36.727, -36.0982], 'correct': [30, 30, 30, 30, 30, 30, 30, 30, 30, 30]}
