correct
Best prediction epoch: 1 with MSE 1.6074, MRE 0.9993
Epoch nr 1 0, MSE= 1.60736
Epoch nr 2 0, MSE= 1.55669
Epoch nr 3 0, MSE= 1.49613
Epoch nr 4 0, MSE= 1.42044
Epoch nr 5 0, MSE= 1.32061
Epoch nr 6 0, MSE= 1.18091
Epoch nr 7 0, MSE= 0.97351
Epoch nr 8 0, MSE= 0.65848
Epoch nr 9 0, MSE= 0.26127
Epoch nr 10 0, MSE= 0.06363
{'mse': [1.6074, 1.5567, 1.4961, 1.4204, 1.3206, 1.1809, 0.9735, 0.6585, 0.2613, 0.0636], 'lincor': [0.7136, 0.4819, 0.4015, 0.3821, 0.3944, 0.4232, 0.4497, 0.4342, 0.5632, 1.4628], 'mre': [0.9993, 0.9817, 0.9602, 0.9327, 0.8957, 0.8421, 0.7578, 0.6133, 0.363, 0.1528], 'rmse': [1.227, 1.2073, 1.1833, 1.1526, 1.1109, 1.0497, 0.9516, 0.7783, 0.4728, 0.216], 'mae': [-1.7269, -1.6976, -1.6617, -1.6156, -1.5531, -1.4621, -1.3184, -1.0714, -0.6459, -0.1872], 'maxae': [-1.4695, -1.376, -1.2789, -1.1762, -1.065, -0.9417, -0.801, -0.6364, -0.4447, 1.2494], 'ae': [-43.2364, -42.1401, -40.8422, -39.2482, -37.2001, -34.4272, -30.4423, -24.3773, -15.1961, -5.8591], 'correct': [30, 30, 30, 30, 30, 30, 30, 30, 30, 69]}
