correct
Best prediction epoch: 1 with MSE 1.6492, MRE 1.0127
Epoch nr 1 0, MSE= 1.64921
Epoch nr 2 0, MSE= 1.55756
Epoch nr 3 0, MSE= 1.40938
Epoch nr 4 0, MSE= 1.11117
Epoch nr 5 0, MSE= 0.53024
Epoch nr 6 0, MSE= 0.26199
Epoch nr 7 0, MSE= 0.32057
Epoch nr 8 0, MSE= 0.34996
Epoch nr 9 0, MSE= 0.32233
Epoch nr 10 0, MSE= 0.30706
{'mse': [1.6492, 1.5576, 1.4094, 1.1112, 0.5302, 0.262, 0.3206, 0.35, 0.3223, 0.3071], 'lincor': [0.418, 0.3828, 0.4154, 0.4815, 0.4033, 2.9446, 0.4528, 0.4103, 0.4249, 0.4314], 'mre': [1.0127, 0.9791, 0.9232, 0.8054, 0.5287, 0.3331, 0.386, 0.4103, 0.3914, 0.3801], 'rmse': [1.2442, 1.2082, 1.1478, 1.0157, 0.6871, 0.457, 0.5187, 0.5471, 0.5228, 0.509], 'mae': [-1.7483, -1.6936, -1.6018, -1.4055, -0.9442, -0.6251, -0.7079, -0.7457, -0.7126, -0.6929], 'maxae': [-1.2427, -1.1069, -0.9478, -0.7543, -0.5372, -0.4105, -0.4098, -0.4107, -0.3988, -0.3868], 'ae': [-43.421, -41.4329, -38.2768, -32.3815, -21.6544, -14.9735, -16.3728, -17.0304, -16.3708, -15.9239], 'correct': [30, 30, 30, 30, 30, 30, 30, 30, 30, 30]}
