correct
Best prediction epoch: 1 with MSE 0.2278, MRE 0.3168
Epoch nr 1 0, MSE= 0.22777
Epoch nr 2 0, MSE= 0.07741
Epoch nr 3 0, MSE= 0.13276
Epoch nr 4 0, MSE= 0.21078
Epoch nr 5 0, MSE= 0.14886
Epoch nr 6 0, MSE= 0.12490
Epoch nr 7 0, MSE= 0.10925
Epoch nr 8 0, MSE= 0.10491
Epoch nr 9 0, MSE= 0.09235
Epoch nr 10 0, MSE= 0.08999
{'mse': [0.2278, 0.0774, 0.1328, 0.2108, 0.1489, 0.1249, 0.1093, 0.1049, 0.0924, 0.09], 'lincor': [0.8465, 1.3817, 0.6656, 0.4284, 0.4658, 0.499, 0.5353, 0.511, 0.5517, 0.5333], 'mre': [0.3168, 0.1522, 0.2315, 0.3092, 0.2442, 0.2191, 0.2021, 0.1983, 0.186, 0.1842], 'rmse': [0.4302, 0.2247, 0.3204, 0.4204, 0.3426, 0.3087, 0.2852, 0.279, 0.2603, 0.2572], 'mae': [-0.5845, -0.2527, -0.4142, -0.5535, -0.4376, -0.3846, -0.3437, -0.3293, -0.2915, -0.2818], 'maxae': [-0.4382, 0.3288, -0.1723, -0.2464, -0.0527, 0.1103, 0.2869, 0.4188, 0.6637, 0.7592], 'ae': [-13.6784, -6.0504, -9.336, -11.8729, -9.2459, -8.0908, -7.1558, -6.7585, -5.9496, -5.6957], 'correct': [30, 69, 38, 30, 30, 30, 30, 30, 30, 30]}
