correct
Best prediction epoch: 1 with MSE 1.5211, MRE 0.9688
Epoch nr 1 0, MSE= 1.52107
Epoch nr 2 0, MSE= 1.07841
Epoch nr 3 0, MSE= 0.20643
Epoch nr 4 0, MSE= 0.56178
Epoch nr 5 0, MSE= 0.30115
Epoch nr 6 0, MSE= 0.36915
Epoch nr 7 0, MSE= 0.31037
Epoch nr 8 0, MSE= 0.27175
Epoch nr 9 0, MSE= 0.28123
Epoch nr 10 0, MSE= 0.23267
{'mse': [1.5211, 1.0784, 0.2064, 0.5618, 0.3012, 0.3692, 0.3104, 0.2718, 0.2812, 0.2327], 'lincor': [0.7499, 0.4253, 0.9026, 0.5177, 1.0099, 0.6546, 0.7742, 0.8244, 0.6967, 0.8806], 'mre': [0.9688, 0.8005, 0.2828, 0.5513, 0.373, 0.4293, 0.3857, 0.3552, 0.3655, 0.3223], 'rmse': [1.192, 0.9984, 0.3965, 0.707, 0.4985, 0.5629, 0.5111, 0.4747, 0.4859, 0.4353], 'mae': [-1.6775, -1.3979, -0.5369, -0.9836, -0.6884, -0.7779, -0.7042, -0.6516, -0.6663, -0.5943], 'maxae': [-1.5184, -1.1866, -0.6828, -0.8534, -0.6703, -0.6851, -0.6356, -0.5956, -0.5886, -0.5484], 'ae': [-41.8896, -33.7903, -14.3215, -23.6115, -16.9339, -18.5967, -16.8985, -15.6322, -15.8237, -14.2422], 'correct': [30, 30, 69, 30, 69, 30, 46, 46, 30, 53]}
