correct
Best prediction epoch: 1 with MSE 1.5979, MRE 0.994
Epoch nr 1 0, MSE= 1.63387
Epoch nr 2 0, MSE= 1.59789
Epoch nr 3 0, MSE= 1.55896
Epoch nr 4 0, MSE= 1.51546
Epoch nr 5 0, MSE= 1.46459
Epoch nr 6 0, MSE= 1.40212
Epoch nr 7 0, MSE= 1.32142
Epoch nr 8 0, MSE= 1.21179
Epoch nr 9 0, MSE= 1.05509
Epoch nr 10 0, MSE= 0.82252
{'mse': [1.6339, 1.5979, 1.559, 1.5155, 1.4646, 1.4021, 1.3214, 1.2118, 1.0551, 0.8225], 'lincor': [5.8795, 2.1053, 0.9363, 0.6071, 0.4708, 0.41, 0.388, 0.3885, 0.3992, 0.4049], 'mre': [1.0064, 0.994, 0.9804, 0.9649, 0.9465, 0.9235, 0.8932, 0.8509, 0.7878, 0.6865], 'rmse': [1.2358, 1.2218, 1.2065, 1.1891, 1.1685, 1.1427, 1.1085, 1.0602, 0.9873, 0.8677], 'mae': [-1.7406, -1.7204, -1.6981, -1.6727, -1.6424, -1.6043, -1.554, -1.4833, -1.3775, -1.2068], 'maxae': [-1.6317, -1.5666, -1.5012, -1.4343, -1.3642, -1.2888, -1.2052, -1.1101, -0.9995, -0.8677], 'ae': [-44.2006, -43.4374, -42.6143, -41.7015, -40.6482, -39.3788, -37.7779, -35.6632, -32.7251, -28.4211], 'correct': [61, 30, 30, 30, 30, 30, 30, 30, 30, 30]}
