correct
Best prediction epoch: 1 with MSE 1.4715, MRE 0.9478
Epoch nr 1 0, MSE= 1.47149
Epoch nr 2 0, MSE= 1.43692
Epoch nr 3 0, MSE= 1.39704
Epoch nr 4 0, MSE= 1.34929
Epoch nr 5 0, MSE= 1.28971
Epoch nr 6 0, MSE= 1.21242
Epoch nr 7 0, MSE= 1.10868
Epoch nr 8 0, MSE= 0.96592
Epoch nr 9 0, MSE= 0.76830
Epoch nr 10 0, MSE= 0.51583
{'mse': [1.4715, 1.4369, 1.397, 1.3493, 1.2897, 1.2124, 1.1087, 0.9659, 0.7683, 0.5158], 'lincor': [1.8923, 1.3013, 0.9808, 0.7852, 0.6605, 0.584, 0.5467, 0.555, 0.6683, 0.9673], 'mre': [0.9478, 0.9353, 0.9206, 0.9029, 0.8803, 0.8503, 0.8086, 0.748, 0.6563, 0.5179], 'rmse': [1.1697, 1.1553, 1.1385, 1.1182, 1.0922, 1.0576, 1.0094, 0.9389, 0.8316, 0.6698], 'mae': [-1.6464, -1.6259, -1.6018, -1.5726, -1.5354, -1.4858, -1.4168, -1.3165, -1.1643, -0.9352], 'maxae': [-1.5201, -1.4914, -1.4595, -1.4229, -1.38, -1.3285, -1.2652, -1.1861, -1.0853, -0.9594], 'ae': [-41.4748, -40.8371, -40.103, -39.2273, -38.1412, -36.742, -34.8733, -32.2908, -28.6046, -23.3948], 'correct': [30, 30, 30, 30, 30, 30, 30, 30, 38, 76]}
