correct
Best prediction epoch: 1 with MSE 1.515, MRE 0.9639
Epoch nr 1 0, MSE= 1.59302
Epoch nr 2 0, MSE= 1.51498
Epoch nr 3 0, MSE= 1.40379
Epoch nr 4 0, MSE= 1.21608
Epoch nr 5 0, MSE= 0.87706
Epoch nr 6 0, MSE= 0.58785
Epoch nr 7 0, MSE= 0.62588
Epoch nr 8 0, MSE= 0.62758
Epoch nr 9 0, MSE= 0.55129
Epoch nr 10 0, MSE= 0.52929
{'mse': [1.593, 1.515, 1.4038, 1.2161, 0.8771, 0.5879, 0.6259, 0.6276, 0.5513, 0.5293], 'lincor': [1.243, 0.6655, 0.4732, 0.4238, 0.5038, 1.0571, 0.7227, 0.6158, 0.7301, 0.6613], 'mre': [0.9921, 0.9639, 0.9226, 0.8495, 0.7013, 0.5439, 0.5694, 0.5728, 0.529, 0.5179], 'rmse': [1.2199, 1.1885, 1.1422, 1.0594, 0.8894, 0.7104, 0.7388, 0.7416, 0.6905, 0.6768], 'mae': [-1.7174, -1.6719, -1.6048, -1.4855, -1.2446, -0.992, -1.0304, -1.0336, -0.9611, -0.9405], 'maxae': [-1.6621, -1.5534, -1.439, -1.3058, -1.1331, -0.964, -0.9364, -0.9157, -0.8548, -0.8111], 'ae': [-43.2809, -41.7665, -39.6636, -36.278, -30.3836, -24.5908, -25.1152, -25.0461, -23.3105, -22.6266], 'correct': [61, 23, 30, 30, 30, 53, 38, 38, 38, 38]}
