correct
Best prediction epoch: 2 with MSE 0.609, MRE 0.5821
Epoch nr 1 0, MSE= 0.32985
Epoch nr 2 0, MSE= 0.60902
Epoch nr 3 0, MSE= 0.25758
Epoch nr 4 0, MSE= 0.09611
Epoch nr 5 0, MSE= 0.20247
Epoch nr 6 0, MSE= 0.19414
Epoch nr 7 0, MSE= 0.14434
Epoch nr 8 0, MSE= 0.11975
Epoch nr 9 0, MSE= 0.11150
Epoch nr 10 0, MSE= 0.09059
{'mse': [0.3299, 0.609, 0.2576, 0.0961, 0.2025, 0.1941, 0.1443, 0.1198, 0.1115, 0.0906], 'lincor': [0.9537, 0.4422, 0.6795, 1.0334, 0.6482, 0.5597, 0.6029, 0.6879, 0.6629, 0.7439], 'mre': [0.4104, 0.5821, 0.3494, 0.1879, 0.3009, 0.294, 0.2416, 0.2125, 0.2032, 0.1828], 'rmse': [0.5328, 0.7421, 0.4649, 0.2636, 0.4069, 0.3985, 0.3357, 0.3, 0.288, 0.2576], 'mae': [-0.7378, -1.0287, -0.6351, -0.3264, -0.5482, -0.5327, -0.4368, -0.3795, -0.3564, -0.2969], 'maxae': [-0.7753, -0.8293, -0.5672, -0.3374, -0.453, -0.404, -0.2522, -0.0957, 0.0663, 0.4748], 'ae': [-18.3119, -24.0743, -14.9595, -8.3235, -12.6548, -12.0471, -9.7198, -8.3653, -7.6989, -6.2979], 'correct': [76, 30, 30, 76, 30, 38, 38, 30, 38, 30]}
