correct
Best prediction epoch: 1 with MSE 1.1293, MRE 0.8133
Epoch nr 1 0, MSE= 1.12926
Epoch nr 2 0, MSE= 0.36219
Epoch nr 3 0, MSE= 0.48816
Epoch nr 4 0, MSE= 0.48027
Epoch nr 5 0, MSE= 0.36367
Epoch nr 6 0, MSE= 0.36104
Epoch nr 7 0, MSE= 0.33717
Epoch nr 8 0, MSE= 0.26915
Epoch nr 9 0, MSE= 0.25776
Epoch nr 10 0, MSE= 0.23135
{'mse': [1.1293, 0.3622, 0.4882, 0.4803, 0.3637, 0.361, 0.3372, 0.2692, 0.2578, 0.2314], 'lincor': [0.3986, 1.0115, 0.4894, 0.4515, 0.5381, 0.4767, 0.4607, 0.5552, 0.5179, 0.5519], 'mre': [0.8133, 0.4062, 0.4921, 0.4881, 0.4114, 0.412, 0.397, 0.3443, 0.3366, 0.3144], 'rmse': [1.0188, 0.5467, 0.6492, 0.6449, 0.5542, 0.5539, 0.5351, 0.4716, 0.4614, 0.4342], 'mae': [-1.4266, -0.7552, -0.896, -0.8874, -0.7568, -0.7549, -0.7269, -0.6371, -0.6219, -0.5827], 'maxae': [-1.1016, -0.5818, -0.6053, -0.5674, -0.4634, -0.4493, -0.4223, -0.3689, -0.3523, -0.3246], 'ae': [-34.6077, -18.1434, -20.9256, -20.4913, -17.276, -17.1134, -16.3745, -14.3491, -13.9515, -13.0424], 'correct': [30, 30, 30, 30, 30, 30, 30, 30, 30, 30]}
