correct
Best prediction epoch: 1 with MSE 0.0979, MRE 0.1873
Epoch nr 1 0, MSE= 0.15785
Epoch nr 2 0, MSE= 0.08525
Epoch nr 3 0, MSE= 0.09785
Epoch nr 4 0, MSE= 0.09146
Epoch nr 5 0, MSE= 0.09268
Epoch nr 6 0, MSE= 0.13100
Epoch nr 7 0, MSE= 0.12472
Epoch nr 8 0, MSE= 0.10062
Epoch nr 9 0, MSE= 0.09061
Epoch nr 10 0, MSE= 0.09213
{'mse': [0.1579, 0.0853, 0.0979, 0.0915, 0.0927, 0.131, 0.1247, 0.1006, 0.0906, 0.0921], 'lincor': [1.495, 1.3915, 1.2707, 1.3987, 1.2028, 0.5144, 0.4914, 0.5422, 0.5914, 0.5495], 'mre': [0.2494, 0.1647, 0.1873, 0.177, 0.1762, 0.2211, 0.2158, 0.1909, 0.1805, 0.1821], 'rmse': [0.3467, 0.2391, 0.2652, 0.254, 0.2551, 0.3156, 0.3074, 0.2718, 0.2567, 0.2593], 'mae': [-0.465, -0.2826, -0.3235, -0.3004, -0.2992, -0.3952, -0.3797, -0.3171, -0.2864, -0.2888], 'maxae': [-0.4097, 0.0671, 0.0584, 0.2738, 0.3792, 0.1029, 0.202, 0.512, 0.7251, 0.7601], 'ae': [-11.4292, -6.752, -7.2986, -6.6237, -6.416, -8.2449, -7.8292, -6.4337, -5.7452, -5.7116], 'correct': [69, 76, 30, 30, 30, 30, 30, 30, 30, 30]}
