correct
Best prediction epoch: 1 with MSE 1.617, MRE 1.0024
Epoch nr 1 0, MSE= 1.61696
Epoch nr 2 0, MSE= 1.58641
Epoch nr 3 0, MSE= 1.55002
Epoch nr 4 0, MSE= 1.50465
Epoch nr 5 0, MSE= 1.44580
Epoch nr 6 0, MSE= 1.36644
Epoch nr 7 0, MSE= 1.25531
Epoch nr 8 0, MSE= 1.09516
Epoch nr 9 0, MSE= 0.86395
Epoch nr 10 0, MSE= 0.56339
{'mse': [1.617, 1.5864, 1.55, 1.5047, 1.4458, 1.3664, 1.2553, 1.0952, 0.864, 0.5634], 'lincor': [1.9021, 1.1852, 0.8497, 0.6619, 0.5506, 0.4867, 0.4571, 0.4608, 0.5593, 1.3566], 'mre': [1.0024, 0.9917, 0.9788, 0.9626, 0.9414, 0.9121, 0.87, 0.8063, 0.7059, 0.5505], 'rmse': [1.2302, 1.2182, 1.2036, 1.1853, 1.1611, 1.1276, 1.0791, 1.005, 0.8872, 0.7048], 'mae': [-1.7324, -1.715, -1.6941, -1.6676, -1.6327, -1.5845, -1.5148, -1.4093, -1.2427, -0.9854], 'maxae': [-1.6037, -1.5683, -1.5297, -1.4862, -1.4359, -1.3762, -1.3037, -1.2139, -1.1011, -0.9611], 'ae': [-43.6773, -43.0927, -42.4057, -41.5633, -40.4922, -39.0802, -37.148, -34.4104, -30.4172, -24.6996], 'correct': [30, 30, 30, 30, 30, 30, 30, 30, 30, 61]}
