correct
Best prediction epoch: 1 with MSE 0.9003, MRE 0.7226
Epoch nr 1 0, MSE= 0.90028
Epoch nr 2 0, MSE= 0.32018
Epoch nr 3 0, MSE= 0.09557
Epoch nr 4 0, MSE= 0.20688
Epoch nr 5 0, MSE= 0.05783
Epoch nr 6 0, MSE= 0.12513
Epoch nr 7 0, MSE= 0.08903
Epoch nr 8 0, MSE= 0.09238
Epoch nr 9 0, MSE= 0.08003
Epoch nr 10 0, MSE= 0.07312
{'mse': [0.9003, 0.3202, 0.0956, 0.2069, 0.0578, 0.1251, 0.089, 0.0924, 0.08, 0.0731], 'lincor': [0.4633, 0.4275, 1.3347, 0.4367, 2.6164, 0.421, 0.4801, 0.4433, 0.4831, 0.5511], 'mre': [0.7226, 0.398, 0.1826, 0.3017, 0.1579, 0.2214, 0.1835, 0.1886, 0.1788, 0.1748], 'rmse': [0.9131, 0.5287, 0.2593, 0.4157, 0.2177, 0.3091, 0.2559, 0.2615, 0.2467, 0.2402], 'mae': [-1.2612, -0.7089, -0.3065, -0.5329, -0.1323, -0.3685, -0.2642, -0.2697, -0.2195, -0.18], 'maxae': [-0.7542, -0.3346, 0.2617, -0.0305, 3.1666, 0.4371, 1.1279, 1.1361, 1.8416, 2.7159], 'ae': [-28.8464, -15.3918, -6.77, -10.7863, -2.6961, -7.2196, -5.1147, -5.1323, -4.1463, -3.384], 'correct': [30, 30, 30, 30, 38, 30, 30, 30, 30, 30]}
