correct
Best prediction epoch: 1 with MSE 1.1983, MRE 0.841
Epoch nr 1 0, MSE= 1.19829
Epoch nr 2 0, MSE= 0.57622
Epoch nr 3 0, MSE= 0.33869
Epoch nr 4 0, MSE= 0.39901
Epoch nr 5 0, MSE= 0.24915
Epoch nr 6 0, MSE= 0.25747
Epoch nr 7 0, MSE= 0.18225
Epoch nr 8 0, MSE= 0.16358
Epoch nr 9 0, MSE= 0.17551
Epoch nr 10 0, MSE= 0.15572
{'mse': [1.1983, 0.5762, 0.3387, 0.399, 0.2492, 0.2575, 0.1823, 0.1636, 0.1755, 0.1557], 'lincor': [0.4339, 0.4498, 0.632, 0.4586, 0.6647, 0.5138, 0.7222, 0.7892, 0.6873, 0.8079], 'mre': [0.841, 0.5486, 0.3939, 0.4392, 0.3264, 0.338, 0.2703, 0.2517, 0.2648, 0.2423], 'rmse': [1.0503, 0.7128, 0.5319, 0.5857, 0.4501, 0.4621, 0.379, 0.3559, 0.3717, 0.3454], 'mae': [-1.4731, -0.9873, -0.7282, -0.8007, -0.6087, -0.6234, -0.5048, -0.4709, -0.4928, -0.4536], 'maxae': [-1.1926, -0.7052, -0.5043, -0.5037, -0.3869, -0.3756, -0.3065, -0.2694, -0.2748, -0.2081], 'ae': [-36.1075, -23.1799, -16.8423, -18.2046, -13.8551, -14.0197, -11.4138, -10.6441, -11.0541, -10.1446], 'correct': [30, 30, 38, 30, 38, 30, 38, 38, 38, 38]}
