correct
Best prediction epoch: 1 with MSE 1.6152, MRE 1.0039
Epoch nr 1 0, MSE= 1.61516
Epoch nr 2 0, MSE= 1.50903
Epoch nr 3 0, MSE= 1.36293
Epoch nr 4 0, MSE= 1.14575
Epoch nr 5 0, MSE= 0.80812
Epoch nr 6 0, MSE= 0.34319
Epoch nr 7 0, MSE= 0.06022
Epoch nr 8 0, MSE= 0.04719
Epoch nr 9 0, MSE= 0.08848
Epoch nr 10 0, MSE= 0.23899
{'mse': [1.6152, 1.509, 1.3629, 1.1458, 0.8081, 0.3432, 0.0602, 0.0472, 0.0885, 0.239], 'lincor': [0.5445, 0.3903, 0.3971, 0.4453, 0.469, 0.4154, 1.0818, 1.3112, 1.4998, 0.4606], 'mre': [1.0039, 0.9669, 0.9137, 0.83, 0.6851, 0.4229, 0.1429, 0.1475, 0.1716, 0.3359], 'rmse': [1.2313, 1.1898, 1.1302, 1.0351, 0.8659, 0.5501, 0.2056, 0.2037, 0.2454, 0.4487], 'mae': [-1.7323, -1.6704, -1.5808, -1.439, -1.1928, -0.7492, -0.1797, -0.0285, -0.2967, -0.6046], 'maxae': [-1.4902, -1.3257, -1.1487, -0.9519, -0.7261, -0.4658, 1.325, 4.8252, -0.1144, -0.3538], 'ae': [-43.0983, -40.8426, -37.842, -33.5681, -27.0623, -16.935, -5.1485, -2.0424, -7.421, -13.6211], 'correct': [30, 30, 30, 30, 30, 30, 76, 69, 61, 30]}
