correct
Best prediction epoch: 2 with MSE 0.455, MRE 0.4847
Epoch nr 1 0, MSE= 0.07241
Epoch nr 2 0, MSE= 0.45497
Epoch nr 3 0, MSE= 0.11560
Epoch nr 4 0, MSE= 0.12101
Epoch nr 5 0, MSE= 0.10139
Epoch nr 6 0, MSE= 0.12572
Epoch nr 7 0, MSE= 0.11959
Epoch nr 8 0, MSE= 0.10496
Epoch nr 9 0, MSE= 0.11514
Epoch nr 10 0, MSE= 0.10407
{'mse': [0.0724, 0.455, 0.1156, 0.121, 0.1014, 0.1257, 0.1196, 0.105, 0.1151, 0.1041], 'lincor': [0.807, 0.4819, 0.7096, 0.4691, 0.5228, 0.4442, 0.4493, 0.4773, 0.4467, 0.4621], 'mre': [0.1874, 0.4847, 0.2037, 0.2147, 0.194, 0.2198, 0.2127, 0.1971, 0.2084, 0.1969], 'rmse': [0.2419, 0.639, 0.2921, 0.3031, 0.2737, 0.3104, 0.3013, 0.2793, 0.295, 0.2784], 'mae': [0.1633, -0.8592, -0.3604, -0.3724, -0.3216, -0.3799, -0.3635, -0.3258, -0.3508, -0.3213], 'maxae': [10.3694, -0.3963, 0.1618, 0.2163, 0.4469, 0.2699, 0.3585, 0.5282, 0.4507, 0.6031], 'ae': [1.7073, -18.4741, -7.6114, -7.6992, -6.6152, -7.7028, -7.2976, -6.5145, -6.9711, -6.3449], 'correct': [69, 30, 38, 30, 30, 30, 30, 30, 30, 30]}
