correct
Best prediction epoch: 1 with MSE 1.5679, MRE 0.9832
Epoch nr 1 0, MSE= 1.56785
Epoch nr 2 0, MSE= 1.52820
Epoch nr 3 0, MSE= 1.48082
Epoch nr 4 0, MSE= 1.42215
Epoch nr 5 0, MSE= 1.34599
Epoch nr 6 0, MSE= 1.24092
Epoch nr 7 0, MSE= 1.08592
Epoch nr 8 0, MSE= 0.84356
Epoch nr 9 0, MSE= 0.47249
Epoch nr 10 0, MSE= 0.11643
{'mse': [1.5679, 1.5282, 1.4808, 1.4222, 1.346, 1.2409, 1.0859, 0.8436, 0.4725, 0.1164], 'lincor': [0.631, 0.4596, 0.3939, 0.3789, 0.3931, 0.4259, 0.4657, 0.4857, 0.4256, 2.0817], 'mre': [0.9832, 0.9689, 0.9516, 0.9297, 0.9008, 0.8601, 0.7977, 0.6932, 0.5021, 0.2032], 'rmse': [1.2103, 1.1947, 1.1757, 1.1519, 1.1202, 1.0749, 1.0043, 0.8825, 0.6515, 0.288], 'mae': [-1.7026, -1.6791, -1.6503, -1.6139, -1.5654, -1.4967, -1.391, -1.2133, -0.8885, -0.3723], 'maxae': [-1.4414, -1.3529, -1.2608, -1.1638, -1.0597, -0.9456, -0.8165, -0.6663, -0.4871, -0.2813], 'ae': [-42.6612, -41.7275, -40.6219, -39.2762, -37.5767, -35.3216, -32.1484, -27.3908, -19.8679, -9.2602], 'correct': [30, 30, 30, 30, 30, 30, 30, 30, 30, 69]}
