correct
Best prediction epoch: 1 with MSE 0.5488, MRE 0.5475
Epoch nr 1 0, MSE= 0.54881
Epoch nr 2 0, MSE= 0.50280
Epoch nr 3 0, MSE= 0.14412
Epoch nr 4 0, MSE= 0.14487
Epoch nr 5 0, MSE= 0.13777
Epoch nr 6 0, MSE= 0.13618
Epoch nr 7 0, MSE= 0.11270
Epoch nr 8 0, MSE= 0.10235
Epoch nr 9 0, MSE= 0.08675
Epoch nr 10 0, MSE= 0.06178
{'mse': [0.5488, 0.5028, 0.1441, 0.1449, 0.1378, 0.1362, 0.1127, 0.1024, 0.0868, 0.0618], 'lincor': [0.4455, 0.4362, 1.0979, 1.0729, 0.9819, 0.8084, 0.7767, 0.7109, 0.7386, 1.4305], 'mre': [0.5475, 0.518, 0.2349, 0.2487, 0.2312, 0.2304, 0.2084, 0.1981, 0.1829, 0.1617], 'rmse': [0.7013, 0.6693, 0.3307, 0.3376, 0.3236, 0.3223, 0.2898, 0.2748, 0.2529, 0.2232], 'mae': [-0.9721, -0.9231, -0.4379, -0.4468, -0.4239, -0.4188, -0.363, -0.3315, -0.2795, -0.1681], 'maxae': [-0.7683, -0.6688, -0.3664, -0.3615, -0.2863, -0.2303, -0.0618, 0.1948, 0.7434, 2.4599], 'ae': [-22.8756, -21.3435, -10.3175, -10.5412, -9.7585, -9.4623, -8.1104, -7.2521, -5.9655, -3.4972], 'correct': [30, 30, 53, 46, 30, 38, 38, 38, 38, 46]}
