correct
Best prediction epoch: 2 with MSE 0.5937, MRE 0.5672
Epoch nr 1 0, MSE= 0.24776
Epoch nr 2 0, MSE= 0.59368
Epoch nr 3 0, MSE= 0.21494
Epoch nr 4 0, MSE= 0.15600
Epoch nr 5 0, MSE= 0.17368
Epoch nr 6 0, MSE= 0.17094
Epoch nr 7 0, MSE= 0.12028
Epoch nr 8 0, MSE= 0.10432
Epoch nr 9 0, MSE= 0.07840
Epoch nr 10 0, MSE= 0.05601
{'mse': [0.2478, 0.5937, 0.2149, 0.156, 0.1737, 0.1709, 0.1203, 0.1043, 0.0784, 0.056], 'lincor': [1.2495, 0.4258, 0.9901, 1.0348, 0.6596, 0.583, 0.7702, 0.6713, 0.7155, 1.1916], 'mre': [0.3287, 0.5672, 0.3029, 0.2543, 0.272, 0.2664, 0.2097, 0.1944, 0.1702, 0.1494], 'rmse': [0.4456, 0.7295, 0.4147, 0.3495, 0.3726, 0.3687, 0.299, 0.2766, 0.2407, 0.2129], 'mae': [-0.6126, -1.0089, -0.5632, -0.4656, -0.4963, -0.4869, -0.3784, -0.334, -0.248, -0.1309], 'maxae': [-0.6345, -0.7312, -0.4505, -0.3707, -0.347, -0.292, -0.0615, 0.2507, 1.1979, 3.1004], 'ae': [-15.6225, -23.4474, -13.2904, -10.9149, -11.2987, -10.8407, -8.307, -7.0746, -4.9913, -2.2492], 'correct': [76, 30, 38, 46, 38, 38, 38, 38, 38, 30]}
