correct
Best prediction epoch: 1 with MSE 1.5612, MRE 0.981
Epoch nr 1 0, MSE= 1.56116
Epoch nr 2 0, MSE= 1.48591
Epoch nr 3 0, MSE= 1.38871
Epoch nr 4 0, MSE= 1.25139
Epoch nr 5 0, MSE= 1.04071
Epoch nr 6 0, MSE= 0.70046
Epoch nr 7 0, MSE= 0.25035
Epoch nr 8 0, MSE= 0.06415
Epoch nr 9 0, MSE= 0.06733
Epoch nr 10 0, MSE= 0.17189
{'mse': [1.5612, 1.4859, 1.3887, 1.2514, 1.0407, 0.7005, 0.2504, 0.0642, 0.0673, 0.1719], 'lincor': [5.9991, 0.7591, 0.4428, 0.3888, 0.404, 0.4143, 1.6102, 0.9355, 1.4741, 1.7731], 'mre': [0.981, 0.9544, 0.9188, 0.8664, 0.781, 0.6254, 0.337, 0.1531, 0.15, 0.2563], 'rmse': [1.2068, 1.1768, 1.1367, 1.0777, 0.9802, 0.7977, 0.4527, 0.2213, 0.2191, 0.3603], 'mae': [-1.6994, -1.6556, -1.5967, -1.5094, -1.3663, -1.1043, -0.62, -0.1449, -0.174, -0.4853], 'maxae': [-1.5977, -1.4621, -1.3172, -1.155, -0.967, -0.7417, -0.4784, 2.356, 1.6104, -0.3679], 'ae': [-43.0009, -41.3865, -39.3355, -36.5177, -32.3383, -25.6315, -14.9296, -5.1761, -5.6405, -11.8183], 'correct': [30, 30, 30, 30, 30, 30, 30, 69, 69, 53]}
