correct
Best prediction epoch: 1 with MSE 0.9894, MRE 0.7674
Epoch nr 1 0, MSE= 0.98942
Epoch nr 2 0, MSE= 0.23387
Epoch nr 3 0, MSE= 0.27095
Epoch nr 4 0, MSE= 0.24206
Epoch nr 5 0, MSE= 0.13811
Epoch nr 6 0, MSE= 0.14320
Epoch nr 7 0, MSE= 0.10756
Epoch nr 8 0, MSE= 0.08354
Epoch nr 9 0, MSE= 0.07920
Epoch nr 10 0, MSE= 0.08037
{'mse': [0.9894, 0.2339, 0.271, 0.2421, 0.1381, 0.1432, 0.1076, 0.0835, 0.0792, 0.0804], 'lincor': [0.4107, 0.8907, 0.837, 0.4716, 0.9889, 0.5417, 0.7028, 1.1817, 0.9046, 0.6648], 'mre': [0.7674, 0.3215, 0.3552, 0.3305, 0.2276, 0.2378, 0.1994, 0.1749, 0.1725, 0.1753], 'rmse': [0.9586, 0.4359, 0.4754, 0.4487, 0.3228, 0.3331, 0.2816, 0.2458, 0.2411, 0.2442], 'mae': [-1.3355, -0.5929, -0.6485, -0.6017, -0.4185, -0.429, -0.3448, -0.2734, -0.2557, -0.2556], 'maxae': [-0.9721, -0.4268, -0.4312, -0.3327, -0.1549, -0.1124, 0.1571, 0.6983, 0.9928, 1.078], 'ae': [-31.4986, -13.8822, -15.0584, -13.3449, -9.3086, -9.3004, -7.4166, -5.863, -5.3812, -5.2401], 'correct': [30, 30, 38, 30, 30, 30, 30, 30, 30, 30]}
