correct
Best prediction epoch: 2 with MSE 0.4914, MRE 0.5201
Epoch nr 1 0, MSE= 0.14917
Epoch nr 2 0, MSE= 0.49135
Epoch nr 3 0, MSE= 0.34799
Epoch nr 4 0, MSE= 0.22147
Epoch nr 5 0, MSE= 0.19678
Epoch nr 6 0, MSE= 0.22863
Epoch nr 7 0, MSE= 0.20601
Epoch nr 8 0, MSE= 0.19392
Epoch nr 9 0, MSE= 0.18682
Epoch nr 10 0, MSE= 0.16905
{'mse': [0.1492, 0.4914, 0.348, 0.2215, 0.1968, 0.2286, 0.206, 0.1939, 0.1868, 0.1691], 'lincor': [0.8399, 0.4682, 0.5673, 0.7789, 0.8258, 0.658, 0.6823, 0.6923, 0.6777, 0.7194], 'mre': [0.244, 0.5201, 0.4226, 0.3189, 0.2941, 0.324, 0.3022, 0.2906, 0.2844, 0.2657], 'rmse': [0.3387, 0.6642, 0.55, 0.4272, 0.3985, 0.4348, 0.4094, 0.3956, 0.3878, 0.3657], 'mae': [-0.4465, -0.9193, -0.7575, -0.5815, -0.5394, -0.5901, -0.5526, -0.532, -0.5198, -0.4868], 'maxae': [-0.6423, -0.7891, -0.6664, -0.5442, -0.5046, -0.5087, -0.4689, -0.4479, -0.4311, -0.4025], 'ae': [-12.0383, -21.6269, -17.8667, -13.8201, -12.787, -13.7324, -12.7914, -12.2798, -11.9504, -11.1645], 'correct': [69, 30, 38, 53, 53, 30, 30, 30, 30, 38]}
