correct
Best prediction epoch: 2 with MSE 0.624, MRE 0.5972
Epoch nr 1 0, MSE= 0.32929
Epoch nr 2 0, MSE= 0.62404
Epoch nr 3 0, MSE= 0.25363
Epoch nr 4 0, MSE= 0.12778
Epoch nr 5 0, MSE= 0.21380
Epoch nr 6 0, MSE= 0.25500
Epoch nr 7 0, MSE= 0.18308
Epoch nr 8 0, MSE= 0.14312
Epoch nr 9 0, MSE= 0.12840
Epoch nr 10 0, MSE= 0.13469
{'mse': [0.3293, 0.624, 0.2536, 0.1278, 0.2138, 0.255, 0.1831, 0.1431, 0.1284, 0.1347], 'lincor': [0.9028, 0.4377, 0.7341, 1.0167, 0.6777, 0.4891, 0.561, 0.7171, 0.7465, 0.5811], 'mre': [0.4186, 0.5972, 0.3492, 0.2154, 0.3116, 0.349, 0.282, 0.2369, 0.2197, 0.229], 'rmse': [0.5364, 0.7551, 0.4617, 0.306, 0.4192, 0.4648, 0.3848, 0.3319, 0.3111, 0.322], 'mae': [-0.7423, -1.0467, -0.6318, -0.4018, -0.5675, -0.6289, -0.512, -0.4332, -0.3995, -0.4127], 'maxae': [-0.7915, -0.8567, -0.586, -0.4372, -0.4815, -0.4725, -0.3752, -0.2693, -0.1763, -0.1466], 'ae': [-18.4114, -24.4765, -15.0427, -9.9479, -13.2175, -14.2626, -11.5219, -9.7474, -8.8999, -9.0133], 'correct': [76, 30, 46, 61, 30, 30, 38, 30, 30, 38]}
