correct
Best prediction epoch: 1 with MSE 1.2567, MRE 0.8693
Epoch nr 1 0, MSE= 1.25674
Epoch nr 2 0, MSE= 0.29299
Epoch nr 3 0, MSE= 0.55495
Epoch nr 4 0, MSE= 0.30643
Epoch nr 5 0, MSE= 0.28840
Epoch nr 6 0, MSE= 0.21092
Epoch nr 7 0, MSE= 0.16134
Epoch nr 8 0, MSE= 0.16951
Epoch nr 9 0, MSE= 0.17565
Epoch nr 10 0, MSE= 0.15368
{'mse': [1.2567, 0.293, 0.555, 0.3064, 0.2884, 0.2109, 0.1613, 0.1695, 0.1757, 0.1537], 'lincor': [0.4362, 1.0995, 0.5595, 0.927, 0.7689, 0.9495, 1.1389, 1.039, 0.9269, 0.9801], 'mre': [0.8693, 0.3575, 0.5443, 0.3775, 0.3712, 0.3088, 0.2584, 0.2633, 0.2667, 0.2428], 'rmse': [1.0795, 0.485, 0.7005, 0.504, 0.4924, 0.415, 0.355, 0.3633, 0.3698, 0.3414], 'mae': [-1.5148, -0.6697, -0.9749, -0.6958, -0.677, -0.565, -0.4765, -0.4887, -0.4968, -0.4538], 'maxae': [-1.2856, -0.738, -0.8366, -0.6534, -0.6153, -0.5438, -0.4834, -0.46, -0.4336, -0.3866], 'ae': [-37.0401, -17.2171, -23.4404, -16.9583, -16.2445, -13.6902, -11.6901, -11.7429, -11.7116, -10.6314], 'correct': [30, 69, 38, 53, 30, 69, 61, 69, 53, 53]}
