correct
Best prediction epoch: 1 with MSE 1.2737, MRE 0.872
Epoch nr 1 0, MSE= 1.27370
Epoch nr 2 0, MSE= 0.67837
Epoch nr 3 0, MSE= 0.66637
Epoch nr 4 0, MSE= 0.62183
Epoch nr 5 0, MSE= 0.50200
Epoch nr 6 0, MSE= 0.48236
Epoch nr 7 0, MSE= 0.34293
Epoch nr 8 0, MSE= 0.30421
Epoch nr 9 0, MSE= 0.17888
Epoch nr 10 0, MSE= 0.17162
{'mse': [1.2737, 0.6784, 0.6664, 0.6218, 0.502, 0.4824, 0.3429, 0.3042, 0.1789, 0.1716], 'lincor': [0.9024, 1.0936, 0.8989, 0.8177, 0.8358, 0.7178, 0.8253, 0.7428, 0.9755, 0.9928], 'mre': [0.872, 0.6075, 0.6006, 0.5772, 0.5095, 0.5019, 0.4135, 0.3921, 0.2847, 0.2749], 'rmse': [1.0838, 0.7757, 0.7683, 0.7408, 0.6605, 0.6493, 0.5415, 0.5115, 0.3815, 0.3713], 'mae': [-1.524, -1.0865, -1.0753, -1.0355, -0.9209, -0.9037, -0.7495, -0.7048, -0.5145, -0.4999], 'maxae': [-1.3833, -1.0663, -1.0225, -0.9738, -0.8835, -0.8494, -0.7505, -0.7059, -0.6069, -0.5715], 'ae': [-38.0592, -27.1768, -26.6266, -25.4972, -22.6303, -21.9664, -18.3084, -17.0546, -12.9198, -12.4432], 'correct': [30, 69, 46, 38, 53, 38, 69, 61, 69, 69]}
