correct
Best prediction epoch: 1 with MSE 1.5462, MRE 0.9759
Epoch nr 1 0, MSE= 1.54624
Epoch nr 2 0, MSE= 1.50510
Epoch nr 3 0, MSE= 1.45773
Epoch nr 4 0, MSE= 1.40076
Epoch nr 5 0, MSE= 1.32900
Epoch nr 6 0, MSE= 1.23495
Epoch nr 7 0, MSE= 1.10778
Epoch nr 8 0, MSE= 0.93318
Epoch nr 9 0, MSE= 0.69845
Epoch nr 10 0, MSE= 0.43242
{'mse': [1.5462, 1.5051, 1.4577, 1.4008, 1.329, 1.235, 1.1078, 0.9332, 0.6985, 0.4324], 'lincor': [1.8304, 1.1268, 0.8152, 0.6484, 0.5533, 0.5024, 0.4854, 0.5107, 0.6705, 1.0059], 'mre': [0.9759, 0.9613, 0.9442, 0.9232, 0.8962, 0.8598, 0.8083, 0.7328, 0.6188, 0.459], 'rmse': [1.2011, 1.1844, 1.1649, 1.141, 1.1102, 1.0685, 1.0094, 0.9219, 0.7891, 0.604], 'mae': [-1.691, -1.667, -1.639, -1.6047, -1.5604, -1.5005, -1.4158, -1.2914, -1.1036, -0.8414], 'maxae': [-1.5609, -1.5238, -1.4836, -1.4388, -1.3869, -1.3251, -1.2497, -1.1562, -1.0392, -0.9031], 'ae': [-42.6092, -41.839, -40.9596, -39.913, -38.6104, -36.9229, -34.6558, -31.5174, -27.0858, -21.269], 'correct': [30, 30, 30, 30, 30, 30, 30, 30, 30, 69]}
