correct
Best prediction epoch: 1 with MSE 0.1343, MRE 0.2259
Epoch nr 1 0, MSE= 0.29934
Epoch nr 2 0, MSE= 0.15535
Epoch nr 3 0, MSE= 0.06984
Epoch nr 4 0, MSE= 0.11701
Epoch nr 5 0, MSE= 0.15930
Epoch nr 6 0, MSE= 0.12786
Epoch nr 7 0, MSE= 0.12935
Epoch nr 8 0, MSE= 0.13434
Epoch nr 9 0, MSE= 0.11537
Epoch nr 10 0, MSE= 0.09197
{'mse': [0.2993, 0.1554, 0.0698, 0.117, 0.1593, 0.1279, 0.1294, 0.1343, 0.1154, 0.092], 'lincor': [0.6148, 0.9912, 1.06, 1.0636, 0.6458, 0.6816, 0.5776, 0.4778, 0.4845, 0.5041], 'mre': [0.3921, 0.2462, 0.1491, 0.1992, 0.2525, 0.2159, 0.2188, 0.2259, 0.2047, 0.1813], 'rmse': [0.5088, 0.3443, 0.2161, 0.2891, 0.3533, 0.3099, 0.3135, 0.3227, 0.2956, 0.261], 'mae': [-0.699, -0.4602, -0.2303, -0.372, -0.4644, -0.394, -0.3941, -0.4001, -0.3486, -0.2821], 'maxae': [-0.6412, -0.4446, 0.46, -0.239, -0.2782, -0.0669, 0.0589, 0.1993, 0.5556, 0.9945], 'ae': [-16.5922, -11.0726, -5.9844, -8.7152, -10.3603, -8.54, -8.2941, -8.115, -6.7311, -5.229], 'correct': [38, 69, 76, 53, 38, 38, 38, 30, 30, 30]}
