correct
Best prediction epoch: 1 with MSE 0.6827, MRE 0.6322
Epoch nr 1 0, MSE= 0.68268
Epoch nr 2 0, MSE= 0.44804
Epoch nr 3 0, MSE= 0.12968
Epoch nr 4 0, MSE= 0.20546
Epoch nr 5 0, MSE= 0.17791
Epoch nr 6 0, MSE= 0.11000
Epoch nr 7 0, MSE= 0.10521
Epoch nr 8 0, MSE= 0.13416
Epoch nr 9 0, MSE= 0.09555
Epoch nr 10 0, MSE= 0.09748
{'mse': [0.6827, 0.448, 0.1297, 0.2055, 0.1779, 0.11, 0.1052, 0.1342, 0.0956, 0.0975], 'lincor': [0.4229, 0.4252, 1.2754, 0.5642, 0.4949, 0.8111, 0.8259, 0.5006, 0.6292, 0.532], 'mre': [0.6322, 0.4911, 0.217, 0.3038, 0.2777, 0.2039, 0.1958, 0.2271, 0.1877, 0.1903], 'rmse': [0.793, 0.6333, 0.307, 0.41, 0.3787, 0.2849, 0.2767, 0.3204, 0.2642, 0.2681], 'mae': [-1.1017, -0.8684, -0.4035, -0.5512, -0.5009, -0.3547, -0.3386, -0.4054, -0.3074, -0.3095], 'maxae': [-0.8875, -0.6244, -0.3901, -0.3968, -0.3265, -0.0379, 0.1078, -0.0057, 0.4623, 0.5565], 'ae': [-25.9512, -19.8027, -10.0676, -12.6164, -11.1536, -7.9285, -7.4185, -8.6279, -6.4678, -6.3299], 'correct': [30, 30, 61, 30, 30, 38, 38, 30, 30, 30]}
