correct
Best prediction epoch: 1 with MSE 0.9015, MRE 0.7261
Epoch nr 1 0, MSE= 0.90153
Epoch nr 2 0, MSE= 0.38472
Epoch nr 3 0, MSE= 0.05941
Epoch nr 4 0, MSE= 0.08428
Epoch nr 5 0, MSE= 0.08162
Epoch nr 6 0, MSE= 0.08355
Epoch nr 7 0, MSE= 0.06300
Epoch nr 8 0, MSE= 0.06878
Epoch nr 9 0, MSE= 0.07158
Epoch nr 10 0, MSE= 0.06508
{'mse': [0.9015, 0.3847, 0.0594, 0.0843, 0.0816, 0.0836, 0.063, 0.0688, 0.0716, 0.0651], 'lincor': [0.4698, 0.4195, 1.3951, 1.0561, 0.7638, 0.6165, 1.9896, 0.9692, 0.7509, 1.1369], 'mre': [0.7261, 0.4516, 0.1544, 0.1823, 0.1846, 0.1857, 0.1652, 0.1695, 0.1727, 0.1687], 'rmse': [0.9153, 0.586, 0.2126, 0.2484, 0.248, 0.2507, 0.2251, 0.2319, 0.236, 0.2294], 'mae': [-1.2637, -0.7952, -0.1634, -0.27, -0.2509, -0.2545, -0.1579, -0.1873, -0.1967, -0.1566], 'maxae': [-0.7679, -0.442, 2.0825, 0.7425, 1.1244, 1.1446, 2.7142, 2.115, 2.0263, 2.9463], 'ae': [-28.8383, -17.66, -4.3044, -6.0497, -5.4738, -5.39, -3.4246, -3.9436, -4.0521, -3.2566], 'correct': [30, 30, 69, 30, 30, 30, 38, 30, 30, 30]}
