correct
Best prediction epoch: 2 with MSE 0.527, MRE 0.5235
Epoch nr 1 0, MSE= 0.16038
Epoch nr 2 0, MSE= 0.52704
Epoch nr 3 0, MSE= 0.06050
Epoch nr 4 0, MSE= 0.08633
Epoch nr 5 0, MSE= 0.08917
Epoch nr 6 0, MSE= 0.09120
Epoch nr 7 0, MSE= 0.07941
Epoch nr 8 0, MSE= 0.06734
Epoch nr 9 0, MSE= 0.07037
Epoch nr 10 0, MSE= 0.06700
{'mse': [0.1604, 0.527, 0.0605, 0.0863, 0.0892, 0.0912, 0.0794, 0.0673, 0.0704, 0.067], 'lincor': [1.8292, 0.4581, 2.036, 1.1358, 0.9197, 0.6319, 0.7325, 1.1468, 0.8083, 0.9086], 'mre': [0.2448, 0.5235, 0.1438, 0.1837, 0.1808, 0.1848, 0.174, 0.1627, 0.1668, 0.1642], 'rmse': [0.346, 0.6864, 0.2073, 0.2522, 0.2543, 0.2584, 0.2421, 0.2268, 0.2316, 0.228], 'mae': [-0.4644, -0.9339, -0.1854, -0.2883, -0.2906, -0.2931, -0.2514, -0.1983, -0.2081, -0.1901], 'maxae': [-0.3987, -0.4746, 1.4884, 0.4254, 0.4835, 0.5576, 1.0261, 1.7467, 1.6667, 1.9407], 'ae': [-11.6081, -20.6629, -4.3246, -6.4934, -6.2279, -6.1544, -5.2714, -4.1601, -4.2899, -3.9046], 'correct': [69, 30, 69, 30, 38, 30, 30, 38, 30, 30]}
