correct
Best prediction epoch: 1 with MSE 0.5319, MRE 0.5293
Epoch nr 1 0, MSE= 0.53185
Epoch nr 2 0, MSE= 0.40159
Epoch nr 3 0, MSE= 0.19431
Epoch nr 4 0, MSE= 0.16076
Epoch nr 5 0, MSE= 0.10129
Epoch nr 6 0, MSE= 0.06329
Epoch nr 7 0, MSE= 0.07208
Epoch nr 8 0, MSE= 0.07528
Epoch nr 9 0, MSE= 0.07222
Epoch nr 10 0, MSE= 0.07887
{'mse': [0.5319, 0.4016, 0.1943, 0.1608, 0.1013, 0.0633, 0.0721, 0.0753, 0.0722, 0.0789], 'lincor': [0.4282, 0.467, 0.7572, 0.4859, 0.6964, 2.8347, 2.4791, 1.4525, 1.2543, 0.7405], 'mre': [0.5293, 0.4451, 0.2848, 0.2576, 0.2015, 0.163, 0.1676, 0.1693, 0.1676, 0.1761], 'rmse': [0.6871, 0.5899, 0.3948, 0.3587, 0.2759, 0.222, 0.2314, 0.2353, 0.2323, 0.2425], 'mae': [-0.9473, -0.8063, -0.5261, -0.4663, -0.3353, -0.1972, -0.2358, -0.2453, -0.2288, -0.2508], 'maxae': [-0.6162, -0.4768, -0.2926, -0.158, 0.0967, 1.5659, 1.0396, 0.9695, 1.2649, 1.0597], 'ae': [-21.8622, -18.3036, -11.7621, -10.0607, -7.5091, -4.7726, -5.4202, -5.468, -5.0188, -5.3666], 'correct': [30, 30, 38, 30, 30, 53, 53, 38, 38, 30]}
