correct
Best prediction epoch: 1 with MSE 0.6449, MRE 0.5967
Epoch nr 1 0, MSE= 0.64487
Epoch nr 2 0, MSE= 0.53466
Epoch nr 3 0, MSE= 0.12730
Epoch nr 4 0, MSE= 0.15976
Epoch nr 5 0, MSE= 0.09339
Epoch nr 6 0, MSE= 0.08278
Epoch nr 7 0, MSE= 0.06940
Epoch nr 8 0, MSE= 0.08017
Epoch nr 9 0, MSE= 0.10629
Epoch nr 10 0, MSE= 0.13457
{'mse': [0.6449, 0.5347, 0.1273, 0.1598, 0.0934, 0.0828, 0.0694, 0.0802, 0.1063, 0.1346], 'lincor': [0.4146, 0.4342, 1.6615, 0.4232, 1.1456, 0.7937, 2.1747, 1.0253, 0.8308, 1.6738], 'mre': [0.5967, 0.5301, 0.2148, 0.261, 0.2001, 0.1925, 0.1828, 0.1968, 0.2197, 0.2331], 'rmse': [0.7627, 0.6906, 0.3048, 0.3561, 0.2692, 0.2541, 0.2412, 0.2597, 0.2909, 0.3131], 'mae': [-1.0576, -0.9459, -0.3927, -0.4551, 0.1122, -0.2206, -0.0818, 0.0127, 0.1117, 0.1954], 'maxae': [-0.7211, -0.5213, -0.1658, -0.0873, 10.8786, 2.1104, 5.4274, 8.488, 11.9468, 14.6095], 'ae': [-24.7809, -21.3469, -8.9877, -9.6429, 1.2426, -4.7598, -1.9591, -0.1091, 1.7765, 3.3944], 'correct': [30, 30, 30, 30, 69, 30, 53, 61, 61, 53]}
