correct
Best prediction epoch: 1 with MSE 1.1869, MRE 0.8391
Epoch nr 1 0, MSE= 1.18688
Epoch nr 2 0, MSE= 0.12501
Epoch nr 3 0, MSE= 0.51375
Epoch nr 4 0, MSE= 0.25511
Epoch nr 5 0, MSE= 0.21627
Epoch nr 6 0, MSE= 0.21183
Epoch nr 7 0, MSE= 0.13268
Epoch nr 8 0, MSE= 0.11187
Epoch nr 9 0, MSE= 0.10101
Epoch nr 10 0, MSE= 0.08806
{'mse': [1.1869, 0.125, 0.5138, 0.2551, 0.2163, 0.2118, 0.1327, 0.1119, 0.101, 0.0881], 'lincor': [0.3858, 1.2659, 0.4225, 1.0301, 0.5264, 0.454, 0.7275, 0.7997, 0.9528, 1.6537], 'mre': [0.8391, 0.2014, 0.5195, 0.3389, 0.3083, 0.3075, 0.227, 0.2061, 0.1951, 0.1805], 'rmse': [1.0479, 0.2938, 0.6762, 0.4596, 0.4213, 0.4185, 0.318, 0.2883, 0.2723, 0.2525], 'mae': [-1.4656, -0.3803, -0.9279, -0.6222, -0.563, -0.5565, -0.4102, -0.3615, -0.3326, -0.2939], 'maxae': [-1.0396, -0.3823, -0.5276, -0.3475, -0.2834, -0.2669, -0.1235, -0.0241, 0.0951, 0.3387], 'ae': [-35.269, -10.1512, -21.1139, -14.1569, -12.5198, -12.2339, -9.1459, -8.0816, -7.4393, -6.5957], 'correct': [30, 69, 30, 38, 30, 30, 30, 30, 30, 38]}
