correct
Best prediction epoch: 2 with MSE 0.4952, MRE 0.5081
Epoch nr 1 0, MSE= 0.06026
Epoch nr 2 0, MSE= 0.49524
Epoch nr 3 0, MSE= 0.12145
Epoch nr 4 0, MSE= 0.05970
Epoch nr 5 0, MSE= 0.14061
Epoch nr 6 0, MSE= 0.10279
Epoch nr 7 0, MSE= 0.06067
Epoch nr 8 0, MSE= 0.07802
Epoch nr 9 0, MSE= 0.06490
Epoch nr 10 0, MSE= 0.06456
{'mse': [0.0603, 0.4952, 0.1215, 0.0597, 0.1406, 0.1028, 0.0607, 0.078, 0.0649, 0.0646], 'lincor': [0.8072, 0.4443, 0.664, 2.8601, 0.4568, 0.5169, 1.9927, 0.601, 0.9178, 0.826], 'mre': [0.1596, 0.5081, 0.2145, 0.1574, 0.2358, 0.1973, 0.1577, 0.1745, 0.1631, 0.1642], 'rmse': [0.2271, 0.6651, 0.3022, 0.2164, 0.3307, 0.2756, 0.2194, 0.2421, 0.2265, 0.2274], 'mae': [-0.0875, -0.9054, -0.3816, -0.176, -0.4188, -0.3249, -0.1609, -0.2373, -0.1739, -0.1672], 'maxae': [3.7216, -0.4756, -0.0359, 1.9708, 0.0184, 0.3965, 2.423, 1.3725, 2.2978, 2.4912], 'ae': [-4.2328, -20.0997, -8.3467, -4.2002, -8.8197, -6.7734, -3.3979, -4.8138, -3.5093, -3.2879], 'correct': [69, 30, 30, 61, 30, 30, 38, 30, 30, 30]}
