correct
Best prediction epoch: 1 with MSE 1.5792, MRE 0.9891
Epoch nr 1 0, MSE= 1.57920
Epoch nr 2 0, MSE= 1.54216
Epoch nr 3 0, MSE= 1.50009
Epoch nr 4 0, MSE= 1.45094
Epoch nr 5 0, MSE= 1.39155
Epoch nr 6 0, MSE= 1.31710
Epoch nr 7 0, MSE= 1.22007
Epoch nr 8 0, MSE= 1.08884
Epoch nr 9 0, MSE= 0.90604
Epoch nr 10 0, MSE= 0.65036
{'mse': [1.5792, 1.5422, 1.5001, 1.4509, 1.3916, 1.3171, 1.2201, 1.0888, 0.906, 0.6504], 'lincor': [1.1081, 0.6828, 0.5104, 0.4301, 0.395, 0.3864, 0.3949, 0.4126, 0.4282, 0.4254], 'mre': [0.9891, 0.9759, 0.9608, 0.9428, 0.9207, 0.8924, 0.8546, 0.8015, 0.7229, 0.5998], 'rmse': [1.2153, 1.2006, 1.1837, 1.1637, 1.139, 1.1074, 1.0647, 1.0042, 0.9132, 0.7679], 'mae': [-1.7108, -1.6893, -1.6644, -1.6347, -1.5982, -1.5512, -1.4881, -1.3992, -1.2672, -1.0602], 'maxae': [-1.5267, -1.4632, -1.3972, -1.3275, -1.2527, -1.1707, -1.0786, -0.9733, -0.8507, -0.7058], 'ae': [-42.9725, -42.1875, -41.3004, -40.2724, -39.0459, -37.5322, -35.5946, -33.0214, -29.4732, -24.3942], 'correct': [30, 30, 30, 30, 30, 30, 30, 30, 30, 30]}
