correct
Best prediction epoch: 1 with MSE 1.2138, MRE 0.8494
Epoch nr 1 0, MSE= 1.21378
Epoch nr 2 0, MSE= 0.40307
Epoch nr 3 0, MSE= 0.51368
Epoch nr 4 0, MSE= 0.43278
Epoch nr 5 0, MSE= 0.33634
Epoch nr 6 0, MSE= 0.30241
Epoch nr 7 0, MSE= 0.23398
Epoch nr 8 0, MSE= 0.21013
Epoch nr 9 0, MSE= 0.19376
Epoch nr 10 0, MSE= 0.16653
{'mse': [1.2138, 0.4031, 0.5137, 0.4328, 0.3363, 0.3024, 0.234, 0.2101, 0.1938, 0.1665], 'lincor': [0.5098, 1.0922, 0.6429, 0.6477, 0.7442, 0.7073, 0.8635, 0.8817, 0.9067, 1.155], 'mre': [0.8494, 0.4448, 0.5173, 0.4679, 0.4034, 0.3818, 0.3274, 0.3078, 0.292, 0.2622], 'rmse': [1.0579, 0.5847, 0.6703, 0.6116, 0.5337, 0.5057, 0.4393, 0.4146, 0.3959, 0.3615], 'mae': [-1.4854, -0.8129, -0.9322, -0.8476, -0.7363, -0.6953, -0.5997, -0.5633, -0.5356, -0.485], 'maxae': [-1.2788, -0.7877, -0.8047, -0.7221, -0.6397, -0.5971, -0.5326, -0.4978, -0.4663, -0.4262], 'ae': [-36.6029, -20.157, -22.4765, -20.2985, -17.6381, -16.5509, -14.3395, -13.447, -12.7525, -11.6033], 'correct': [30, 69, 38, 38, 30, 38, 38, 46, 46, 53]}
