correct
Best prediction epoch: 1 with MSE 1.6871, MRE 1.0272
Epoch nr 1 0, MSE= 1.68714
Epoch nr 2 0, MSE= 1.37783
Epoch nr 3 0, MSE= 0.31179
Epoch nr 4 0, MSE= 0.74494
Epoch nr 5 0, MSE= 0.40432
Epoch nr 6 0, MSE= 0.44536
Epoch nr 7 0, MSE= 0.38379
Epoch nr 8 0, MSE= 0.37731
Epoch nr 9 0, MSE= 0.34502
Epoch nr 10 0, MSE= 0.32756
{'mse': [1.6871, 1.3778, 0.3118, 0.7449, 0.4043, 0.4454, 0.3838, 0.3773, 0.345, 0.3276], 'lincor': [3.207, 0.6851, 0.7644, 0.744, 0.8552, 0.8224, 0.8407, 0.8222, 0.8227, 0.8236], 'mre': [1.0272, 0.917, 0.3612, 0.6475, 0.447, 0.4812, 0.4405, 0.4381, 0.4159, 0.4033], 'rmse': [1.258, 1.1321, 0.5004, 0.8188, 0.5858, 0.622, 0.5737, 0.5697, 0.543, 0.5279], 'mae': [-1.7721, -1.5922, -0.6755, -1.1469, -0.8143, -0.866, -0.7967, -0.7906, -0.752, -0.7302], 'maxae': [-1.6728, -1.4816, -1.0183, -1.1539, -0.9648, -0.9584, -0.9163, -0.8991, -0.8671, -0.8497], 'ae': [-44.7943, -39.6262, -19.0573, -28.4654, -20.8881, -21.6831, -20.0918, -19.815, -18.8528, -18.3156], 'correct': [30, 30, 69, 61, 69, 69, 69, 69, 69, 69]}
