correct
Best prediction epoch: 1 with MSE 1.3296, MRE 0.8955
Epoch nr 1 0, MSE= 1.32961
Epoch nr 2 0, MSE= 0.75790
Epoch nr 3 0, MSE= 0.51714
Epoch nr 4 0, MSE= 0.51369
Epoch nr 5 0, MSE= 0.35961
Epoch nr 6 0, MSE= 0.29700
Epoch nr 7 0, MSE= 0.24882
Epoch nr 8 0, MSE= 0.25855
Epoch nr 9 0, MSE= 0.22249
Epoch nr 10 0, MSE= 0.21798
{'mse': [1.3296, 0.7579, 0.5171, 0.5137, 0.3596, 0.297, 0.2488, 0.2586, 0.2225, 0.218], 'lincor': [1.0665, 0.8121, 0.8931, 0.7587, 0.8645, 0.8864, 0.9343, 0.8843, 0.897, 0.8314], 'mre': [0.8955, 0.6525, 0.5209, 0.5218, 0.4259, 0.3855, 0.3454, 0.3515, 0.3185, 0.3149], 'rmse': [1.1094, 0.8259, 0.6721, 0.6719, 0.5558, 0.5041, 0.4567, 0.4654, 0.4271, 0.4227], 'mae': [-1.5607, -1.1572, -0.9383, -0.9368, -0.7708, -0.6957, -0.627, -0.6395, -0.5834, -0.576], 'maxae': [-1.4349, -1.1214, -0.9677, -0.9327, -0.8339, -0.7801, -0.7266, -0.6939, -0.6335, -0.595], 'ae': [-39.076, -28.6845, -23.4007, -23.023, -19.1942, -17.3999, -15.8195, -15.789, -14.3456, -13.9306], 'correct': [30, 38, 69, 53, 69, 69, 69, 76, 69, 69]}
