correct
Best prediction epoch: 1 with MSE 1.6003, MRE 0.9973
Epoch nr 1 0, MSE= 1.60028
Epoch nr 2 0, MSE= 1.54889
Epoch nr 3 0, MSE= 1.48444
Epoch nr 4 0, MSE= 1.40114
Epoch nr 5 0, MSE= 1.29046
Epoch nr 6 0, MSE= 1.14126
Epoch nr 7 0, MSE= 0.94197
Epoch nr 8 0, MSE= 0.69001
Epoch nr 9 0, MSE= 0.42722
Epoch nr 10 0, MSE= 0.28934
{'mse': [1.6003, 1.5489, 1.4844, 1.4011, 1.2905, 1.1413, 0.942, 0.69, 0.4272, 0.2893], 'lincor': [1.2501, 0.8208, 0.6269, 0.5306, 0.4872, 0.4804, 0.52, 0.7251, 0.9345, 0.8426], 'mre': [0.9973, 0.9797, 0.9573, 0.9275, 0.8866, 0.8285, 0.7446, 0.6233, 0.4639, 0.3526], 'rmse': [1.224, 1.2038, 1.1778, 1.1434, 1.096, 1.0285, 0.9304, 0.7883, 0.6046, 0.4809], 'mae': [-1.7235, -1.6943, -1.657, -1.6075, -1.5394, -1.443, -1.3037, -1.1032, -0.8422, -0.6609], 'maxae': [-1.5903, -1.5471, -1.4983, -1.442, -1.3753, -1.2953, -1.1981, -1.0801, -0.9449, -0.8505], 'ae': [-43.3116, -42.3659, -41.207, -39.7435, -37.8386, -35.3011, -31.8739, -27.2462, -21.4914, -17.5109], 'correct': [30, 30, 30, 30, 30, 30, 30, 38, 69, 69]}
