correct
Best prediction epoch: 1 with MSE 0.9525, MRE 0.7454
Epoch nr 1 0, MSE= 0.95245
Epoch nr 2 0, MSE= 0.16114
Epoch nr 3 0, MSE= 0.19024
Epoch nr 4 0, MSE= 0.20124
Epoch nr 5 0, MSE= 0.10410
Epoch nr 6 0, MSE= 0.08706
Epoch nr 7 0, MSE= 0.11087
Epoch nr 8 0, MSE= 0.11414
Epoch nr 9 0, MSE= 0.12704
Epoch nr 10 0, MSE= 0.09713
{'mse': [0.9525, 0.1611, 0.1902, 0.2012, 0.1041, 0.0871, 0.1109, 0.1141, 0.127, 0.0971], 'lincor': [0.4871, 1.7803, 0.516, 0.4491, 0.7644, 0.8573, 0.5078, 0.4896, 0.4415, 0.5407], 'mre': [0.7454, 0.2494, 0.2834, 0.2973, 0.1944, 0.1789, 0.2031, 0.2053, 0.2203, 0.188], 'rmse': [0.941, 0.3491, 0.3907, 0.4063, 0.2757, 0.2515, 0.2875, 0.2921, 0.3119, 0.2669], 'mae': [-1.2985, -0.4688, -0.5196, -0.5385, -0.3367, -0.2853, -0.3483, -0.3539, -0.3829, -0.307], 'maxae': [-0.802, -0.3683, -0.281, -0.2627, 0.1584, 0.5755, 0.2875, 0.3155, 0.2675, 0.5789], 'ae': [-29.5673, -11.4618, -11.6307, -11.8229, -7.3419, -6.1347, -7.2504, -7.2675, -7.7794, -6.2365], 'correct': [30, 69, 30, 30, 30, 30, 30, 30, 30, 30]}
