correct
Best prediction epoch: 1 with MSE 1.3562, MRE 0.9053
Epoch nr 1 0, MSE= 1.35624
Epoch nr 2 0, MSE= 0.51065
Epoch nr 3 0, MSE= 0.38692
Epoch nr 4 0, MSE= 0.42713
Epoch nr 5 0, MSE= 0.16005
Epoch nr 6 0, MSE= 0.21107
Epoch nr 7 0, MSE= 0.07943
Epoch nr 8 0, MSE= 0.06250
Epoch nr 9 0, MSE= 0.05187
Epoch nr 10 0, MSE= 0.06062
{'mse': [1.3562, 0.5107, 0.3869, 0.4271, 0.1601, 0.2111, 0.0794, 0.0625, 0.0519, 0.0606], 'lincor': [0.4616, 0.4404, 0.502, 0.4374, 0.8866, 0.4355, 2.2753, 2.9825, 1.6432, 2.2117], 'mre': [0.9053, 0.5211, 0.4403, 0.4659, 0.251, 0.3092, 0.1775, 0.1658, 0.1588, 0.1671], 'rmse': [1.122, 0.6736, 0.5793, 0.6132, 0.3516, 0.419, 0.2429, 0.2246, 0.213, 0.2255], 'mae': [-1.576, -0.9303, -0.7945, -0.8353, -0.4645, -0.5548, -0.2634, -0.1889, -0.1087, -0.1642], 'maxae': [-1.3011, -0.6396, -0.5106, -0.4626, -0.2507, -0.2644, 0.8321, 2.0367, 3.5657, 2.6516], 'ae': [-38.9151, -21.6624, -18.2867, -18.6962, -10.5128, -12.0746, -6.0483, -4.4441, -2.7016, -3.6175], 'correct': [30, 30, 30, 30, 38, 30, 61, 53, 61, 61]}
