correct
Best prediction epoch: 1 with MSE 1.5107, MRE 0.9609
Epoch nr 1 0, MSE= 1.54895
Epoch nr 2 0, MSE= 1.51069
Epoch nr 3 0, MSE= 1.46970
Epoch nr 4 0, MSE= 1.42349
Epoch nr 5 0, MSE= 1.36822
Epoch nr 6 0, MSE= 1.29826
Epoch nr 7 0, MSE= 1.20524
Epoch nr 8 0, MSE= 1.07624
Epoch nr 9 0, MSE= 0.89172
Epoch nr 10 0, MSE= 0.63065
{'mse': [1.549, 1.5107, 1.4697, 1.4235, 1.3682, 1.2983, 1.2052, 1.0762, 0.8917, 0.6307], 'lincor': [4.3174, 4.629, 1.4993, 0.8757, 0.6269, 0.5058, 0.4473, 0.4269, 0.4355, 0.5355], 'mre': [0.9744, 0.9609, 0.9462, 0.9294, 0.9088, 0.8822, 0.8459, 0.7934, 0.7132, 0.5846], 'rmse': [1.2007, 1.1853, 1.1686, 1.1494, 1.1261, 1.0959, 1.0544, 0.994, 0.9008, 0.7493], 'mae': [-1.6907, -1.6687, -1.6446, -1.617, -1.5832, -1.5394, -1.4793, -1.3923, -1.2588, -1.0443], 'maxae': [-1.5981, -1.5488, -1.4989, -1.4466, -1.3894, -1.3241, -1.2474, -1.1547, -1.0407, -0.8986], 'ae': [-42.9933, -42.2194, -41.3947, -40.4722, -39.381, -38.0173, -36.2296, -33.7823, -30.2906, -25.1496], 'correct': [69, 30, 30, 30, 30, 30, 30, 30, 30, 38]}
