correct
Best prediction epoch: 1 with MSE 1.4836, MRE 0.9521
Epoch nr 1 0, MSE= 1.48356
Epoch nr 2 0, MSE= 1.43588
Epoch nr 3 0, MSE= 1.38224
Epoch nr 4 0, MSE= 1.31982
Epoch nr 5 0, MSE= 1.24487
Epoch nr 6 0, MSE= 1.15216
Epoch nr 7 0, MSE= 1.03432
Epoch nr 8 0, MSE= 0.88241
Epoch nr 9 0, MSE= 0.68939
Epoch nr 10 0, MSE= 0.47351
{'mse': [1.4836, 1.4359, 1.3822, 1.3198, 1.2449, 1.1522, 1.0343, 0.8824, 0.6894, 0.4735], 'lincor': [3.5846, 1.2602, 0.7206, 0.5228, 0.438, 0.4046, 0.3981, 0.4048, 0.4196, 0.5389], 'mre': [0.9521, 0.9348, 0.9148, 0.8911, 0.8619, 0.8247, 0.7754, 0.7081, 0.6144, 0.4926], 'rmse': [1.1745, 1.1548, 1.1323, 1.1056, 1.0726, 1.0305, 0.9743, 0.8967, 0.7872, 0.6429], 'mae': [-1.6535, -1.6251, -1.5924, -1.5534, -1.5053, -1.4436, -1.3617, -1.2495, -1.0929, -0.8892], 'maxae': [-1.5536, -1.4777, -1.3997, -1.3178, -1.2303, -1.1351, -1.0301, -0.9134, -0.7847, -0.6525], 'ae': [-41.7868, -40.8091, -39.7108, -38.4376, -36.9174, -35.05, -32.6907, -29.6468, -25.6905, -20.913], 'correct': [30, 30, 30, 30, 30, 30, 30, 30, 30, 30]}
