correct
Best prediction epoch: 1 with MSE 1.3235, MRE 0.8901
Epoch nr 1 0, MSE= 1.32352
Epoch nr 2 0, MSE= 1.25130
Epoch nr 3 0, MSE= 1.15242
Epoch nr 4 0, MSE= 1.01325
Epoch nr 5 0, MSE= 0.80597
Epoch nr 6 0, MSE= 0.55213
Epoch nr 7 0, MSE= 0.44086
Epoch nr 8 0, MSE= 0.41090
Epoch nr 9 0, MSE= 0.36002
Epoch nr 10 0, MSE= 0.33982
{'mse': [1.3235, 1.2513, 1.1524, 1.0133, 0.806, 0.5521, 0.4409, 0.4109, 0.36, 0.3398], 'lincor': [0.4012, 0.3829, 0.3876, 0.4067, 0.4229, 0.4295, 0.5671, 0.5697, 0.5183, 0.4707], 'mre': [0.8901, 0.861, 0.8202, 0.7604, 0.6649, 0.5303, 0.4604, 0.4421, 0.4116, 0.4019], 'rmse': [1.1072, 1.0753, 1.0302, 0.9632, 0.854, 0.6966, 0.6147, 0.593, 0.5548, 0.541], 'mae': [-1.5526, -1.5051, -1.438, -1.3391, -1.1805, -0.9573, -0.8418, -0.8087, -0.7519, -0.7294], 'maxae': [-1.0753, -0.9868, -0.8848, -0.7711, -0.6426, -0.5146, -0.4542, -0.4168, -0.3693, -0.3437], 'ae': [-38.1554, -36.6008, -34.4932, -31.5768, -27.3075, -21.8999, -19.2074, -18.2299, -16.7199, -16.0187], 'correct': [30, 30, 30, 30, 30, 30, 30, 30, 30, 30]}
