correct
Best prediction epoch: 1 with MSE 1.6136, MRE 1.0037
Epoch nr 1 0, MSE= 1.61364
Epoch nr 2 0, MSE= 1.43057
Epoch nr 3 0, MSE= 1.10637
Epoch nr 4 0, MSE= 0.50930
Epoch nr 5 0, MSE= 0.05796
Epoch nr 6 0, MSE= 0.08999
Epoch nr 7 0, MSE= 0.06881
Epoch nr 8 0, MSE= 0.29872
Epoch nr 9 0, MSE= 0.37853
Epoch nr 10 0, MSE= 0.36246
{'mse': [1.6136, 1.4306, 1.1064, 0.5093, 0.058, 0.09, 0.0688, 0.2987, 0.3785, 0.3625], 'lincor': [0.4504, 0.3928, 0.4415, 0.4272, 0.7946, 0.8766, 0.9197, 0.464, 0.4279, 0.4286], 'mre': [1.0037, 0.9399, 0.8175, 0.537, 0.1667, 0.2191, 0.1562, 0.3905, 0.4485, 0.4369], 'rmse': [1.2313, 1.1587, 1.0173, 0.6811, 0.2272, 0.2757, 0.221, 0.5091, 0.58, 0.5665], 'mae': [-1.7314, -1.6238, -1.4159, -0.9385, 0.0097, 0.2072, -0.2116, -0.6946, -0.7925, -0.7729], 'maxae': [-1.4714, -1.2819, -1.0418, -0.7195, 5.6967, 11.9774, 0.7824, -0.531, -0.5674, -0.5492], 'ae': [-42.8206, -39.1989, -33.1301, -21.628, -2.1338, 2.0532, -6.2726, -15.989, -17.994, -17.5088], 'correct': [30, 30, 30, 30, 69, 69, 69, 30, 30, 30]}
