correct
Best prediction epoch: 1 with MSE 1.515, MRE 0.9656
Epoch nr 1 0, MSE= 1.51500
Epoch nr 2 0, MSE= 1.33136
Epoch nr 3 0, MSE= 1.04207
Epoch nr 4 0, MSE= 0.57953
Epoch nr 5 0, MSE= 0.15256
Epoch nr 6 0, MSE= 0.11389
Epoch nr 7 0, MSE= 0.25186
Epoch nr 8 0, MSE= 0.47019
Epoch nr 9 0, MSE= 0.57051
Epoch nr 10 0, MSE= 0.54728
{'mse': [1.515, 1.3314, 1.0421, 0.5795, 0.1526, 0.1139, 0.2519, 0.4702, 0.5705, 0.5473], 'lincor': [0.659, 0.4106, 0.4071, 0.4444, 1.1218, 1.0616, 1.0622, 0.4626, 0.4271, 0.4285], 'mre': [0.9656, 0.8988, 0.784, 0.562, 0.2282, 0.1844, 0.3322, 0.4961, 0.5558, 0.5424], 'rmse': [1.1892, 1.1132, 0.9812, 0.7205, 0.3302, 0.2749, 0.4507, 0.644, 0.7157, 0.7002], 'mae': [-1.6731, -1.562, -1.3701, -0.9991, -0.4397, -0.3423, -0.6185, -0.8888, -0.9874, -0.9646], 'maxae': [-1.4752, -1.2872, -1.0625, -0.7794, -0.4808, -0.3755, -0.5386, -0.6572, -0.6921, -0.6685], 'ae': [-41.7324, -38.1325, -32.6346, -23.494, -11.3242, -9.242, -14.9984, -20.7036, -22.7515, -22.1545], 'correct': [30, 30, 30, 30, 69, 76, 53, 30, 30, 30]}
