correct
Best prediction epoch: 1 with MSE 1.72, MRE 1.0356
Epoch nr 1 0, MSE= 1.72004
Epoch nr 2 0, MSE= 1.70273
Epoch nr 3 0, MSE= 1.68430
Epoch nr 4 0, MSE= 1.66472
Epoch nr 5 0, MSE= 1.64383
Epoch nr 6 0, MSE= 1.62137
Epoch nr 7 0, MSE= 1.59712
Epoch nr 8 0, MSE= 1.57069
Epoch nr 9 0, MSE= 1.54176
Epoch nr 10 0, MSE= 1.50995
{'mse': [1.72, 1.7027, 1.6843, 1.6647, 1.6438, 1.6214, 1.5971, 1.5707, 1.5418, 1.51], 'lincor': [1.7235, 1.3595, 1.0488, 0.8288, 0.6791, 0.5766, 0.5057, 0.4564, 0.4225, 0.3999], 'mre': [1.0356, 1.0296, 1.0232, 1.0164, 1.009, 1.0011, 0.9924, 0.9829, 0.9724, 0.9608], 'rmse': [1.2696, 1.263, 1.2559, 1.2484, 1.2402, 1.2315, 1.2219, 1.2114, 1.1998, 1.187], 'mae': [-1.788, -1.7784, -1.7682, -1.7571, -1.7453, -1.7324, -1.7184, -1.7029, -1.6858, -1.6669], 'maxae': [-1.6073, -1.5742, -1.5407, -1.5067, -1.4723, -1.4373, -1.4017, -1.3652, -1.3279, -1.2895], 'ae': [-45.385, -45.025, -44.6425, -44.237, -43.8059, -43.3449, -42.85, -42.3144, -41.7327, -41.0985], 'correct': [30, 30, 30, 30, 30, 30, 30, 30, 30, 30]}
