correct
Best prediction epoch: 1 with MSE 1.6683, MRE 1.0214
Epoch nr 1 0, MSE= 1.66833
Epoch nr 2 0, MSE= 1.58379
Epoch nr 3 0, MSE= 1.46268
Epoch nr 4 0, MSE= 1.27154
Epoch nr 5 0, MSE= 0.94643
Epoch nr 6 0, MSE= 0.42696
Epoch nr 7 0, MSE= 0.06278
Epoch nr 8 0, MSE= 0.05967
Epoch nr 9 0, MSE= 0.06278
Epoch nr 10 0, MSE= 0.21637
{'mse': [1.6683, 1.5838, 1.4627, 1.2715, 0.9464, 0.427, 0.0628, 0.0597, 0.0628, 0.2164], 'lincor': [0.5714, 0.3993, 0.3877, 0.4297, 0.463, 0.4176, 1.151, 0.8825, 1.1056, 0.7277], 'mre': [1.0214, 0.9921, 0.9489, 0.8776, 0.7457, 0.478, 0.1487, 0.1875, 0.1427, 0.3072], 'rmse': [1.2518, 1.2193, 1.1712, 1.0908, 0.9379, 0.6165, 0.2155, 0.2382, 0.2092, 0.4185], 'mae': [-1.7616, -1.713, -1.6406, -1.5207, -1.2979, -0.847, -0.1565, 0.0709, -0.169, -0.5651], 'maxae': [-1.5302, -1.3937, -1.2419, -1.0649, -0.8509, -0.5849, 1.9505, 8.0026, 1.6736, -0.3793], 'ae': [-43.9251, -42.0929, -39.5826, -35.8457, -29.8157, -19.502, -5.2493, -0.3673, -5.0827, -13.0109], 'correct': [30, 30, 30, 30, 30, 30, 69, 69, 76, 38]}
