correct
Best prediction epoch: 3 with MSE 0.3653, MRE 0.4271
Epoch nr 1 0, MSE= 0.05830
Epoch nr 2 0, MSE= 0.24996
Epoch nr 3 0, MSE= 0.36526
Epoch nr 4 0, MSE= 0.18739
Epoch nr 5 0, MSE= 0.12132
Epoch nr 6 0, MSE= 0.16540
Epoch nr 7 0, MSE= 0.12779
Epoch nr 8 0, MSE= 0.14795
Epoch nr 9 0, MSE= 0.11231
Epoch nr 10 0, MSE= 0.10496
{'mse': [0.0583, 0.25, 0.3653, 0.1874, 0.1213, 0.1654, 0.1278, 0.148, 0.1123, 0.105], 'lincor': [0.9702, 0.6698, 0.4365, 0.4692, 0.8229, 0.4859, 0.6428, 0.4847, 0.6119, 0.5924], 'mre': [0.1536, 0.3319, 0.4271, 0.2835, 0.2088, 0.2584, 0.2155, 0.239, 0.2004, 0.1936], 'rmse': [0.2169, 0.4525, 0.5661, 0.3906, 0.3003, 0.3626, 0.3102, 0.3399, 0.2886, 0.2782], 'mae': [-0.111, -0.6131, -0.7651, -0.515, -0.381, -0.4704, -0.3904, -0.4323, -0.3518, -0.3316], 'maxae': [3.2544, -0.4094, -0.4289, -0.2518, -0.0511, -0.1345, 0.0587, 0.0034, 0.2632, 0.3972], 'ae': [-4.1535, -14.0178, -16.834, -11.245, -8.3634, -10.0634, -8.2693, -9.0348, -7.3003, -6.7934], 'correct': [69, 38, 30, 30, 38, 30, 38, 30, 38, 30]}
