correct
Best prediction epoch: 1 with MSE 1.4647, MRE 0.944
Epoch nr 1 0, MSE= 1.46467
Epoch nr 2 0, MSE= 1.42509
Epoch nr 3 0, MSE= 1.37968
Epoch nr 4 0, MSE= 1.32571
Epoch nr 5 0, MSE= 1.25907
Epoch nr 6 0, MSE= 1.17374
Epoch nr 7 0, MSE= 1.06060
Epoch nr 8 0, MSE= 0.90690
Epoch nr 9 0, MSE= 0.69902
Epoch nr 10 0, MSE= 0.45168
{'mse': [1.4647, 1.4251, 1.3797, 1.3257, 1.2591, 1.1737, 1.0606, 0.9069, 0.699, 0.4517], 'lincor': [9.2002, 1.8562, 0.9872, 0.6766, 0.5327, 0.4632, 0.4348, 0.4351, 0.4875, 0.8555], 'mre': [0.944, 0.9296, 0.9128, 0.8924, 0.8667, 0.8328, 0.7861, 0.7188, 0.6182, 0.4744], 'rmse': [1.166, 1.1496, 1.1305, 1.1074, 1.0781, 1.0395, 0.9859, 0.9081, 0.7905, 0.6219], 'mae': [-1.6414, -1.6178, -1.5903, -1.5568, -1.5144, -1.4585, -1.3812, -1.2696, -1.1026, -0.8647], 'maxae': [-1.5324, -1.482, -1.4284, -1.3703, -1.3057, -1.2321, -1.1462, -1.044, -0.9203, -0.7772], 'ae': [-41.5597, -40.7537, -39.8353, -38.7545, -37.437, -35.7733, -33.5944, -30.6432, -26.5423, -21.1094], 'correct': [30, 30, 30, 30, 30, 30, 30, 30, 30, 30]}
