correct
Best prediction epoch: 1 with MSE 0.4044, MRE 0.4695
Epoch nr 1 0, MSE= 0.40439
Epoch nr 2 0, MSE= 0.24105
Epoch nr 3 0, MSE= 0.09067
Epoch nr 4 0, MSE= 0.15086
Epoch nr 5 0, MSE= 0.11042
Epoch nr 6 0, MSE= 0.14613
Epoch nr 7 0, MSE= 0.16193
Epoch nr 8 0, MSE= 0.16426
Epoch nr 9 0, MSE= 0.11043
Epoch nr 10 0, MSE= 0.10147
{'mse': [0.4044, 0.2411, 0.0907, 0.1509, 0.1104, 0.1461, 0.1619, 0.1643, 0.1104, 0.1015], 'lincor': [0.4997, 0.6977, 1.0935, 0.9413, 1.0929, 0.6605, 0.4992, 0.4545, 0.5045, 0.5265], 'mre': [0.4695, 0.3358, 0.1733, 0.239, 0.191, 0.2335, 0.2532, 0.2568, 0.2001, 0.1895], 'rmse': [0.6, 0.4479, 0.2494, 0.3384, 0.2794, 0.3341, 0.3579, 0.3627, 0.2878, 0.2739], 'mae': [-0.8289, -0.6102, -0.3042, -0.4469, -0.3527, -0.4311, -0.4611, -0.4622, -0.342, -0.3144], 'maxae': [-0.7295, -0.526, -0.1874, -0.3353, -0.1097, -0.1375, -0.1153, -0.019, 0.4659, 0.67], 'ae': [-19.6062, -14.3139, -7.5205, -10.263, -8.0111, -9.3368, -9.7462, -9.5173, -6.803, -6.0978], 'correct': [30, 30, 61, 46, 46, 38, 38, 30, 30, 38]}
