correct
Best prediction epoch: 1 with MSE 1.7458, MRE 1.0469
Epoch nr 1 0, MSE= 1.74584
Epoch nr 2 0, MSE= 1.70230
Epoch nr 3 0, MSE= 1.64752
Epoch nr 4 0, MSE= 1.57044
Epoch nr 5 0, MSE= 1.43897
Epoch nr 6 0, MSE= 1.17709
Epoch nr 7 0, MSE= 0.75455
Epoch nr 8 0, MSE= 0.67516
Epoch nr 9 0, MSE= 0.70841
Epoch nr 10 0, MSE= 0.61207
{'mse': [1.7458, 1.7023, 1.6475, 1.5704, 1.439, 1.1771, 0.7546, 0.6752, 0.7084, 0.6121], 'lincor': [1.7634, 0.806, 0.5171, 0.4104, 0.3776, 0.3848, 0.4221, 0.4161, 0.3987, 0.4039], 'mre': [1.0469, 1.0317, 1.0123, 0.9844, 0.9356, 0.8337, 0.6444, 0.6039, 0.6222, 0.5717], 'rmse': [1.2808, 1.2642, 1.2429, 1.2124, 1.1585, 1.043, 0.8226, 0.7757, 0.7981, 0.739], 'mae': [-1.804, -1.7797, -1.7484, -1.7034, -1.6242, -1.4572, -1.1464, -1.0782, -1.1059, -1.0201], 'maxae': [-1.6064, -1.5179, -1.4201, -1.3126, -1.1788, -1.003, -0.8054, -0.7292, -0.6972, -0.6177], 'ae': [-45.6042, -44.7216, -43.6162, -42.1007, -39.6092, -34.9396, -27.5457, -25.6738, -25.8991, -23.6496], 'correct': [30, 30, 30, 30, 30, 30, 30, 30, 30, 30]}
