correct
Best prediction epoch: 1 with MSE 0.0793, MRE 0.1951
Epoch nr 1 0, MSE= 0.54304
Epoch nr 2 0, MSE= 0.22807
Epoch nr 3 0, MSE= 0.16438
Epoch nr 4 0, MSE= 0.20061
Epoch nr 5 0, MSE= 0.18464
Epoch nr 6 0, MSE= 0.13269
Epoch nr 7 0, MSE= 0.09540
Epoch nr 8 0, MSE= 0.06141
Epoch nr 9 0, MSE= 0.06706
Epoch nr 10 0, MSE= 0.07929
{'mse': [0.543, 0.2281, 0.1644, 0.2006, 0.1846, 0.1327, 0.0954, 0.0614, 0.0671, 0.0793], 'lincor': [0.4466, 0.606, 0.6017, 0.493, 0.458, 0.4668, 0.4394, 0.5688, 0.6709, 1.5047], 'mre': [0.544, 0.3209, 0.2612, 0.2973, 0.2811, 0.2257, 0.1913, 0.1644, 0.178, 0.1951], 'rmse': [0.6985, 0.4342, 0.3618, 0.4063, 0.3882, 0.3196, 0.2676, 0.2273, 0.2387, 0.2572], 'mae': [-0.9647, -0.5871, -0.4781, -0.5394, -0.507, -0.395, -0.2825, -0.0897, 0.0061, 0.0439], 'maxae': [-0.7547, -0.4757, -0.3665, -0.354, -0.2348, 0.1776, 1.0689, 4.7068, 7.7368, 9.3533], 'ae': [-22.3383, -13.4736, -10.7583, -11.8896, -10.8449, -8.0315, -5.2052, -1.0084, 1.1289, 1.7401], 'correct': [30, 38, 38, 38, 30, 30, 30, 30, 30, 23]}
