correct
Best prediction epoch: 1 with MSE 1.388, MRE 0.9167
Epoch nr 1 0, MSE= 1.38801
Epoch nr 2 0, MSE= 1.27018
Epoch nr 3 0, MSE= 1.09496
Epoch nr 4 0, MSE= 0.80418
Epoch nr 5 0, MSE= 0.35170
Epoch nr 6 0, MSE= 0.10396
Epoch nr 7 0, MSE= 0.14892
Epoch nr 8 0, MSE= 0.35589
Epoch nr 9 0, MSE= 0.54130
Epoch nr 10 0, MSE= 0.56518
{'mse': [1.388, 1.2702, 1.095, 0.8042, 0.3517, 0.104, 0.1489, 0.3559, 0.5413, 0.5652], 'lincor': [0.7779, 0.4731, 0.4105, 0.4215, 0.8004, 1.0547, 1.2269, 0.6338, 0.4395, 0.4349], 'mre': [0.9167, 0.872, 0.8019, 0.6735, 0.4133, 0.1761, 0.2244, 0.4141, 0.5334, 0.5471], 'rmse': [1.1346, 1.0839, 1.0037, 0.8545, 0.546, 0.2619, 0.3261, 0.5499, 0.6929, 0.7093], 'mae': [-1.5958, -1.5219, -1.4053, -1.1903, -0.7544, -0.3167, -0.4336, -0.7562, -0.9554, -0.978], 'maxae': [-1.4209, -1.2878, -1.1274, -0.9184, -0.6395, -0.3862, -0.4419, -0.573, -0.6663, -0.6727], 'ae': [-39.8486, -37.4629, -33.9824, -28.2314, -18.1019, -8.7523, -10.9875, -17.6886, -22.0384, -22.5082], 'correct': [30, 30, 30, 30, 30, 69, 61, 38, 30, 30]}
